       johnson_u  3597.7  246.0  3589.0  3652.8  274.5  176.1  3561.7  274.6  219.5  469.2  296.8  414.0  356.2
       johnson_b  4386.0  352.4  4372.3  4373.6  286.3  355.7  4253.6  236.2  328.4  453.9  682.3  371.4  667.5
       johnson_v  5490.7  357.2  5479.5  5465.6  270.3  350.9  5374.3  235.1  321.7  445.6  704.8  390.1  668.6
       cousins_r  6499.9  610.3  6472.9  6449.7  458.7  637.0  6231.5  347.3  540.3  691.4 1301.9  514.6 1170.4
       cousins_i  7884.0  381.8  7874.8  7903.1  366.5  366.8  7805.5  336.2  387.1  598.4  588.9  537.5  649.1
     wfpc2_f170w  1882.8  731.3  1831.2  1828.5  221.6  287.1  1665.3  163.1  207.0  361.1 2917.9  272.1  387.1
     wfpc2_f255w  2605.9  179.6  2600.1  2606.3  139.8  154.0  2559.0  127.9  152.4  242.7  293.1  227.2  291.4
     wfpc2_f300w  3013.6  400.2  2992.8  3011.7  276.8  333.2  2855.1  219.5  303.3  456.2  628.2  355.2  612.1
     wfpc2_f336w  3368.9  324.7  3359.5  3361.6  155.2  142.5  3320.0  144.1  151.4  257.0  255.0  231.4  260.1
     wfpc2_f380w  3993.3  285.9  3982.8  4030.1  274.7  247.3  3929.1  268.9  271.0  498.9  394.8  461.2  461.3
     wfpc2_f439w  4316.9  205.0  4312.1  4324.3  193.2  196.1  4274.9  178.4  204.0  315.7  321.0  281.3  351.3
     wfpc2_f450w  4575.0  395.2  4557.4  4659.6  425.6  319.3  4463.3  391.9  407.2  726.1  455.1  615.9  617.4
     wfpc2_f467m  4670.9   81.7  4670.3  4672.8   68.4   63.1  4667.2   67.0   65.0  111.1  103.0  107.9  105.8
     wfpc2_f502n  5013.4   62.6  5013.2  5011.8   10.6   11.1  5011.6   10.5   11.1   17.3   18.0   17.2   18.1
     wfpc2_f547m  5487.7  205.0  5483.9  5502.2  201.0  185.6  5462.3  192.6  197.2  339.2  296.9  317.1  322.1
     wfpc2_f555w  5468.5  529.9  5442.9  5519.7  484.5  459.0  5285.1  450.5  482.8  853.1  860.7  714.2  905.1
     wfpc2_f569w  5659.9  425.0  5644.4  5658.5  356.7  398.1  5522.9  315.6  384.8  591.5  777.0  502.5  761.0
     wfpc2_f606w  6035.2  632.0  6001.3  6142.0  631.6  543.8  5791.5  567.0  637.9 1102.2  901.2  891.3 1099.8
     wfpc2_f656n  6563.8   32.7  6563.7  6563.3    8.5    8.7  6563.2    8.4    8.7   14.3   14.0   14.3   14.1
     wfpc2_f673n  6732.3   25.7  6732.2  6731.9   18.7   18.8  6731.6   18.7   18.9   31.1   31.0   30.9   31.2
     wfpc2_f675w  6727.9  370.5  6717.7  6741.2  349.8  366.4  6635.6  314.2  378.7  563.8  589.6  492.3  656.8
     wfpc2_f702w  6942.9  602.8  6917.1  6954.8  544.4  628.4  6698.2  433.2  618.5  852.6 1049.4  657.2 1156.6
    wfpc2_f785lp  8706.3  597.5  8686.3  8687.0  490.9  587.8  8509.4  420.7  560.8  789.1 1123.3  672.0 1111.0
     wfpc2_f791w  7890.1  533.1  7872.5  7874.4  460.0  563.4  7701.1  377.8  546.6  705.3  983.3  573.8 1034.6
     wfpc2_f814w  8023.5  676.6  7995.9  7984.2  559.6  750.8  7728.3  423.4  676.0  820.1 1329.0  600.2 1368.6
    wfpc2_f850lp  9124.7  448.5  9114.0  9081.8  338.0  446.2  8992.6  299.9  417.4  539.9  891.8  478.0  857.7
   stisccd_50ccd  6067.6 1836.4  5751.9  6577.1 1557.6 1695.3  3922.0 1282.9 1536.6 2766.4 3006.1 1898.4 3248.9
stisccd_f28x50lp  7320.9 1257.9  7218.9  7379.1 1069.5 1402.9  6512.2  639.5 1067.9 1640.6 2401.2  933.3 2410.6
  stisnuv_25mama  2321.4  482.5  2265.0  2451.4  402.8  349.0  1932.8  466.5  487.4  862.9  595.5  660.2  869.7
 stisnuv_f25srf2  2355.8  461.0  2306.4  2469.7  386.4  340.6  2029.4  457.9  443.1  812.1  584.3  659.3  801.8
  stisnuv_f25qtz  2399.8  421.6  2361.4  2484.2  361.7  331.6  2147.8  371.6  386.6  703.9  571.9  602.7  714.4
stisnuv_f25cn182  2028.5  300.4  2006.8  2042.4  213.9  255.5  1894.6  217.8  218.5  410.2  606.3  444.6  468.4
 stisnuv_f25ciii  2020.5  227.7  2011.6  1996.6   64.6   84.5  1977.5   63.5   72.9  126.0  326.0  183.2  161.4
stisnuv_f25cn270  2727.6  200.6  2723.1  2712.1   63.8   71.4  2701.9   60.6   71.4  105.4  113.2   98.1  115.7
 stisnuv_f25mgii  2893.5  434.8  2874.2  2804.3   20.5   20.0  2801.5   19.2   18.3   32.2 1421.5   30.1   30.3
  stisfuv_f25lya  1244.4   67.7  1242.8  1230.7   31.9   52.5  1223.4   29.1   43.1   55.4  149.2   51.2  113.8
  stisfuv_25mama  1376.7  147.1  1369.4  1365.7  109.2  153.0  1308.3   80.7  125.1  167.8  317.3  124.3  276.9
 stisfuv_f25srf2  1458.5  129.0  1453.1  1443.5   92.8  138.0  1401.7   70.4  114.0  138.1  281.8  103.0  252.8
  stisfuv_f25qtz  1598.4  102.0  1595.3  1586.0   76.9  110.5  1558.7   61.5  100.1  112.3  210.0   88.9  205.7
    acswfc_f435w  4327.3  289.5  4317.4  4368.9  294.1  254.1  4263.9  276.0  289.8  508.5  384.3  457.3  464.5
    acswfc_f475w  4763.0  418.6  4744.4  4820.6  425.5  385.4  4617.0  365.0  440.6  701.7  589.9  566.9  735.4
    acswfc_f550m  5583.7  166.3  5581.2  5589.3  159.5  155.5  5563.6  151.1  163.0  250.1  240.6  231.2  259.3
    acswfc_f555w  5371.8  362.0  5359.6  5397.5  350.7  343.2  5269.3  308.6  366.8  566.7  569.3  480.6  640.6
    acswfc_f606w  5956.3  670.3  5917.7  6076.6  698.2  606.1  5651.0  567.1  722.9 1148.0  909.9  831.3 1218.8
    acswfc_f625w  6324.1  413.2  6310.5  6374.2  425.5  379.0  6223.7  386.4  426.6  699.1  575.0  597.9  687.7
    acswfc_f775w  7705.4  438.1  7693.0  7716.6  412.1  446.4  7584.6  359.9  462.4  648.4  712.6  553.4  794.2
    acswfc_f814w  8087.4  675.1  8059.8  8086.3  598.1  711.6  7814.2  470.3  687.3  913.7 1227.5  700.5 1317.9
   acswfc_f850lp  9071.6  561.4  9054.8  9021.8  426.3  573.2  8879.9  360.9  526.0  671.6 1135.7  571.1 1087.3
    acshrc_f220w  2264.3  231.8  2255.3  2260.5  150.1  166.7  2199.1  136.5  157.7  263.2  357.1  235.1  318.2
    acshrc_f250w  2727.0  257.5  2715.8  2720.6  194.1  243.1  2626.8  152.2  227.6  314.1  464.5  273.2  450.9
    acshrc_f330w  3367.2  173.5  3362.7  3382.6  169.2  157.8  3335.7  158.9  171.2  289.9  250.4  266.2  281.6
    acshrc_f435w  4322.0  304.5  4311.0  4375.2  322.6  258.1  4254.2  301.5  307.6  548.3  381.8  480.0  479.1
    acshrc_f475w  4794.0  413.3  4775.8  4862.6  424.7  359.5  4667.4  388.0  422.1  728.4  551.7  612.3  695.0
    acshrc_f550m  5582.3  168.3  5579.8  5587.5  159.1  156.0  5561.7  150.6  163.3  248.9  241.9  229.9  260.6
    acshrc_f555w  5368.0  359.6  5356.0  5391.0  345.2  343.3  5265.1  302.9  364.6  557.8  571.9  473.5  639.8
    acshrc_f606w  5926.1  667.2  5888.0  6031.6  683.4  623.0  5615.9  542.9  715.9 1109.8  944.6  796.4 1232.7
    acshrc_f625w  6309.2  414.0  6295.5  6354.2  422.5  386.6  6203.0  378.4  430.8  686.6  590.5  582.0  701.3
    acshrc_f775w  7677.5  437.7  7665.1  7674.2  393.9  461.3  7547.4  340.3  461.7  616.5  750.8  524.1  821.9
    acshrc_f814w  8146.9  723.4  8115.3  8160.1  668.2  787.7  7821.2  484.9  794.2  989.2 1231.5  711.8 1425.4
   acshrc_f850lp  9161.6  553.1  9145.2  9148.8  463.6  528.0  9002.2  412.4  514.4  754.4 1022.4  658.4 1010.7
   acssbc_f115lp  1415.0  165.1  1406.1  1404.8  124.5  171.7  1334.2   89.1  139.8  189.4  356.3  133.5  306.6
    acssbc_f122m  1277.4  106.1  1273.7  1250.9   45.0   95.9  1234.9   36.1   64.8   70.4  270.6   58.1  184.7
   acssbc_f125lp  1445.3  155.5  1437.5  1431.5  113.1  163.0  1372.4   83.7  130.2  172.2  343.2  123.9  292.3
   acssbc_f140lp  1532.6  135.4  1527.0  1514.7   93.8  144.8  1472.7   70.5  116.7  137.6  304.3  102.1  266.4
   acssbc_f150lp  1614.7  117.6  1610.7  1595.7   79.6  129.4  1564.7   61.4  107.3  115.2  261.5   88.6  240.4
   acssbc_f165lp  1760.1   89.7  1757.9  1751.5   66.9   90.6  1732.8   58.3   85.5  106.2  169.1   93.5  168.5
    nicmos_f110w 11352.6 1589.3 11235.0 11736.5 1630.9 1305.4 10484.6 1364.5 1692.0 2865.6 2007.1 2200.7 2895.0
    nicmos_f160w 16073.6 1169.3 16030.5 16241.0 1238.7 1043.7 15752.1 1099.1 1218.0 2006.4 1569.7 1657.0 1951.5
    nicmos_f187w 18719.7  727.3 18705.6 18742.3  706.0  688.5 18595.6  662.1  715.1 1121.0 1132.7 1011.2 1222.2
    nicmos_f190n 19003.5   62.7 19003.4 18997.4   54.2   55.1 18996.7   54.0   55.2   92.8   95.7   92.3   95.8
    nicmos_f205w 20716.9 1806.6 20636.1 21051.3 1940.0 1553.4 20163.4 1770.7 1864.0 3227.8 2266.5 2588.7 2974.2
    nicmos_f222m 22181.0  512.4 22175.1 22182.4  460.0  462.4 22123.2  440.4  478.0  767.1  802.2  740.5  820.4
       galex_fuv  1563.5   95.0  1560.7  1564.2   80.5   89.2  1538.3   73.3   87.8  139.1  169.7  129.8  174.4
       galex_nuv  2370.5  237.8  2358.2  2408.8  233.5  202.0  2281.8  204.0  240.6  405.6  327.3  350.6  404.2
     stromgren_u  3463.0  116.2  3461.0  3461.8  102.0  108.2  3443.6   97.1  109.4  172.7  197.2  162.5  200.6
     stromgren_v  4108.0   90.6  4107.0  4109.2   70.7   71.9  4101.8   71.1   71.9  143.7  143.7  146.8  141.8
     stromgren_b  4671.2   87.7  4670.4  4672.3   66.8   66.3  4666.6   67.4   66.1  140.6  138.2  144.2  135.5
     stromgren_y  5477.3  100.5  5476.4  5480.1   85.3   80.6  5472.5   85.0   81.5  163.4  156.7  163.9  156.4
         tycho_b  4204.4  260.0  4196.3  4230.4  244.7  211.9  4153.5  235.1  233.1  434.6  389.2  406.0  409.1
         tycho_v  5321.9  406.0  5307.0  5297.8  318.4  407.5  5171.8  264.7  371.9  504.0  810.5  413.1  766.5
          sdss_u  3562.8  192.7  3557.5  3584.0  187.3  163.9  3532.1  182.4  178.7  332.9  273.9  312.3  303.0
          sdss_g  4720.2  388.5  4703.8  4785.2  399.9  332.5  4609.5  368.2  394.8  686.5  506.3  586.4  634.2
          sdss_r  6186.9  343.9  6177.3  6219.8  347.1  316.2  6114.8  317.8  348.9  566.9  491.8  499.2  563.4
          sdss_i  7501.8  383.3  7492.0  7500.9  351.3  403.4  7394.8  303.6  419.1  545.6  628.5  469.2  696.2
          sdss_z  8963.9  525.4  8949.2  8896.0  363.1  555.6  8783.0  313.5  482.2  589.3 1083.1  514.6 1043.6
         2mass_j 12413.8  653.6 12396.4 12470.0  617.7  608.0 12296.5  595.4  645.8 1151.0  899.7 1084.6 1029.0
         2mass_h 16517.9  785.7 16499.2 16577.6  798.6  736.6 16370.0  735.6  801.2 1270.2 1137.0 1127.6 1281.0
        2mass_ks 21662.0  872.1 21644.3 21744.5  884.7  782.1 21554.4  848.6  850.7 1479.7 1198.9 1372.8 1337.0
       bessell_u  3592.7  220.2  3585.8  3612.9  208.5  192.3  3546.5  198.4  207.3  367.1  329.0  338.7  360.3
      bessell_bw  4406.3  354.5  4392.4  4398.1  293.0  354.5  4275.6  244.7  331.3  468.4  674.3  385.2  666.6
       bessell_b  4386.0  352.4  4372.3  4373.6  286.3  355.7  4253.6  236.2  328.4  453.9  682.3  371.4  667.5
       bessell_v  5490.7  357.2  5479.5  5465.6  270.3  350.9  5374.3  235.1  321.7  445.6  704.8  390.1  668.6
       bessell_r  6526.8  628.3  6498.2  6491.5  494.7  655.7  6247.4  373.5  574.0  751.8 1280.7  555.0 1203.2
       bessell_i  8035.5  461.6  8022.3  8055.2  439.8  449.0  7915.9  390.1  472.6  703.0  738.3  606.5  813.5
       landolt_u  3641.6  204.2  3635.7  3666.2  190.9  164.4  3613.3  193.9  178.4  363.4  287.6  356.6  310.8
      landolt_b2  4420.3  358.1  4406.2  4414.0  299.8  359.6  4287.3  249.4  337.9  475.9  675.0  387.9  675.2
      landolt_b3  4389.0  355.6  4375.1  4376.1  290.5  362.5  4252.7  236.4  334.6  454.3  688.0  367.5  678.3
       landolt_v  5482.7  359.3  5471.4  5454.9  265.5  348.5  5365.7  231.2  317.6  439.4  706.4  385.8  663.6
 stromgren_old_u  3447.4  125.6  3445.1  3448.0  112.1  117.9  3426.2  106.7  119.6  191.3  209.6  179.6  216.5
    acswfc_f502n  5023.1   33.0  5023.0  5022.3   17.2   18.0  5022.0   17.1   18.1   28.3   29.4   28.1   29.5
    acswfc_f658n  6584.0   34.0  6583.9  6583.6   22.2   22.2  6583.1   22.2   22.3   37.5   38.1   37.4   38.3
    acswfc_f660n  6599.5   30.7  6599.4  6598.7   11.0   11.3  6598.6   11.0   11.3   19.8   21.0   19.8   21.0
    acshrc_f344n  3433.9   45.7  3433.8  3433.4   17.7   18.0  3432.8   17.6   18.2   28.5   29.1   28.1   29.5
    acshrc_f502n  5023.0   37.2  5022.9  5022.4   17.2   17.9  5022.0   17.1   18.0   28.3   29.4   28.1   29.5
    acshrc_f658n  6583.9   39.8  6583.7  6583.5   22.2   22.2  6583.0   22.1   22.3   37.5   38.1   37.4   38.3
    acshrc_f660n  6599.3   43.6  6599.0  6598.7   11.0   11.3  6598.6   11.0   11.3   19.8   21.0   19.8   21.0
    acshrc_f892n  8916.4   62.0  8916.1  8917.1   47.3   45.6  8915.6   47.0   46.1   75.1   71.3   74.4   72.3
