  1      1        CLEAR1L              0     1842      -1
  1      2         F555W            4002     1590      -1
  1      3         F775W            3684     1272      -1
  1      4         F625W            3366      954      -1
  1      5         F550M            3048      636      -1
  1      6        F850LP            2730      318      -1
  1      7        CLEAR1S           2478        0      -1
  1      8        POL0UV            2319     4161      -1
  1      9        POL60UV           2160     4002      -1
  1      10      POL120UV           2001     3843      -1
  1      11        F892N            1842     3684      -1
  1      12        F606W            1590     3366      -1
  1      13        F502N            1272     3048      -1
  1      14        G800L             954     2730      -1
  1      15        F658N             636     2478      -1
  1      16        F475W             318     2160      -1
  2      1        CLEAR2L              0     2478      -1
  2      2         F660N             318     2796      -1
  2      3         F814W             636     3114      -1
  2      4        FR388N             954     3432      -1
  2      5         F435W            1272     3684      -1
  2      6        FR656N            1590     4068      -1
  2      7        CLEAR2S           1842        0      -1
  2      8         POL0V            2001      159      -1
  2      9         F330W            2160      318      -1
  2      10       POL60V            2319      477      -1
  2      11        F250W            2478      636      -1
  2      12       POL120V           2637      795      -1
  2      13       PR200L            2769      954      -1
  2      14        F344N            2955     1113      -1
  2      15        F220W            3114     1272      -1
  2      16       FR914M            3366     1524      -1
  2      17       FR459M            3584     1842      -1
  2      18       FR505N            4002     2160      -1
  3      1        BLOCK1              -1       -1       0
  3      2        F115LP              -1       -1     360
  3      3        F125LP              -1       -1     720
  3      4        BLOCK2              -1       -1    1080
  3      5        F140LP              -1       -1    1440
  3      6        F150LP              -1       -1    1800
  3      7        BLOCK3              -1       -1    2160
  3      8        F165LP              -1       -1    2520
  3      9         F122M              -1       -1    2880
  3      10       BLOCK4              -1       -1    3240
  3      11       PR130L              -1       -1    3600
  3      12       PR110L              -1       -1    3960
