19270.0 0.000016
19271.0 0.000016
19272.0 0.000016
19273.0 0.000016
19274.0 0.000016
19275.0 0.000016
19276.0 0.000018
19277.0 0.000020
19278.0 0.000022
19279.0 0.000024
19280.0 0.000026
19281.0 0.000028
19282.0 0.000030
19283.0 0.000032
19284.0 0.000034
19285.0 0.000036
19286.0 0.000038
19287.0 0.000040
19288.0 0.000042
19289.0 0.000044
19290.0 0.000046
19291.0 0.000048
19292.0 0.000050
19293.0 0.000052
19294.0 0.000054
19295.0 0.000056
19296.0 0.000058
19297.0 0.000060
19298.0 0.000063
19299.0 0.000065
19300.0 0.000067
19301.0 0.000069
19302.0 0.000071
19303.0 0.000073
19304.0 0.000075
19305.0 0.000077
19306.0 0.000079
19307.0 0.000081
19308.0 0.000083
19309.0 0.000085
19310.0 0.000087
19311.0 0.000089
19312.0 0.000091
19313.0 0.000093
19314.0 0.000095
19315.0 0.000097
19316.0 0.000099
19317.0 0.000101
19318.0 0.000103
19319.0 0.000105
19320.0 0.000107
19321.0 0.000109
19322.0 0.000112
19323.0 0.000114
19324.0 0.000116
19325.0 0.000118
19326.0 0.000120
19327.0 0.000122
19328.0 0.000124
19329.0 0.000126
19330.0 0.000128
19331.0 0.000130
19332.0 0.000132
19333.0 0.000134
19334.0 0.000136
19335.0 0.000138
19336.0 0.000140
19337.0 0.000142
19338.0 0.000144
19339.0 0.000146
19340.0 0.000148
19341.0 0.000150
19342.0 0.000152
19343.0 0.000154
19344.0 0.000156
19345.0 0.000158
19346.0 0.000164
19347.0 0.000171
19348.0 0.000177
19349.0 0.000184
19350.0 0.000191
19351.0 0.000197
19352.0 0.000204
19353.0 0.000211
19354.0 0.000218
19355.0 0.000224
19356.0 0.000231
19357.0 0.000238
19358.0 0.000245
19359.0 0.000251
19360.0 0.000258
19361.0 0.000265
19362.0 0.000271
19363.0 0.000278
19364.0 0.000285
19365.0 0.000292
19366.0 0.000298
19367.0 0.000305
19368.0 0.000312
19369.0 0.000318
19370.0 0.000325
19371.0 0.000332
19372.0 0.000339
19373.0 0.000345
19374.0 0.000352
19375.0 0.000359
19376.0 0.000365
19377.0 0.000372
19378.0 0.000379
19379.0 0.000386
19380.0 0.000392
19381.0 0.000399
19382.0 0.000406
19383.0 0.000412
19384.0 0.000419
19385.0 0.000426
19386.0 0.000433
19387.0 0.000439
19388.0 0.000446
19389.0 0.000453
19390.0 0.000459
19391.0 0.000466
19392.0 0.000473
19393.0 0.000480
19394.0 0.000486
19395.0 0.000493
19396.0 0.000533
19397.0 0.000588
19398.0 0.000642
19399.0 0.000696
19400.0 0.000750
19401.0 0.000804
19402.0 0.000859
19403.0 0.000913
19404.0 0.000967
19405.0 0.001021
19406.0 0.001076
19407.0 0.001130
19408.0 0.001184
19409.0 0.001238
19410.0 0.001293
19411.0 0.001347
19412.0 0.001401
19413.0 0.001455
19414.0 0.001509
19415.0 0.001564
19416.0 0.001618
19417.0 0.001672
19418.0 0.001726
19419.0 0.001781
19420.0 0.001835
19421.0 0.001889
19422.0 0.001943
19423.0 0.001997
19424.0 0.002052
19425.0 0.002106
19426.0 0.002160
19427.0 0.002214
19428.0 0.002269
19429.0 0.002323
19430.0 0.002377
19431.0 0.002431
19432.0 0.002486
19433.0 0.002540
19434.0 0.002594
19435.0 0.002648
19436.0 0.002702
19437.0 0.002757
19438.0 0.002811
19439.0 0.002865
19440.0 0.002919
19441.0 0.002974
19442.0 0.003028
19443.0 0.003082
19444.0 0.003136
19445.0 0.003190
19446.0 0.003245
19447.0 0.003299
19448.0 0.003353
19449.0 0.003407
19450.0 0.003462
19451.0 0.003516
19452.0 0.003570
19453.0 0.003624
19454.0 0.003678
19455.0 0.003733
19456.0 0.003787
19457.0 0.003841
19458.0 0.003895
19459.0 0.003950
19460.0 0.004004
19461.0 0.004058
19462.0 0.004112
19463.0 0.004167
19464.0 0.004221
19465.0 0.004275
19466.0 0.004329
19467.0 0.004383
19468.0 0.004438
19469.0 0.004492
19470.0 0.004546
19471.0 0.004600
19472.0 0.004655
19473.0 0.004709
19474.0 0.004763
19475.0 0.004817
19476.0 0.004871
19477.0 0.004926
19478.0 0.004980
19479.0 0.005034
19480.0 0.005088
19481.0 0.005143
19482.0 0.005197
19483.0 0.005251
19484.0 0.005305
19485.0 0.005360
19486.0 0.005426
19487.0 0.005498
19488.0 0.005570
19489.0 0.005642
19490.0 0.005714
19491.0 0.005786
19492.0 0.005858
19493.0 0.005930
19494.0 0.006002
19495.0 0.006074
19496.0 0.006147
19497.0 0.006219
19498.0 0.006291
19499.0 0.006363
19500.0 0.006435
19501.0 0.006507
19502.0 0.006579
19503.0 0.006651
19504.0 0.006723
19505.0 0.006795
19506.0 0.006867
19507.0 0.006939
19508.0 0.007011
19509.0 0.007083
19510.0 0.007155
19511.0 0.007227
19512.0 0.007300
19513.0 0.007372
19514.0 0.007444
19515.0 0.007516
19516.0 0.007588
19517.0 0.007660
19518.0 0.007732
19519.0 0.007804
19520.0 0.007876
19521.0 0.007948
19522.0 0.008020
19523.0 0.008092
19524.0 0.008164
19525.0 0.008236
19526.0 0.008308
19527.0 0.008380
19528.0 0.008453
19529.0 0.008525
19530.0 0.008597
19531.0 0.008669
19532.0 0.008741
19533.0 0.008813
19534.0 0.008885
19535.0 0.008957
19536.0 0.009029
19537.0 0.009101
19538.0 0.009173
19539.0 0.009245
19540.0 0.009317
19541.0 0.009389
19542.0 0.009461
19543.0 0.009534
19544.0 0.009606
19545.0 0.009678
19546.0 0.009750
19547.0 0.009822
19548.0 0.009894
19549.0 0.009966
19550.0 0.010038
19551.0 0.010110
19552.0 0.010182
19553.0 0.010254
19554.0 0.010326
19555.0 0.010398
19556.0 0.010470
19557.0 0.010542
19558.0 0.010614
19559.0 0.010687
19560.0 0.010759
19561.0 0.010831
19562.0 0.010903
19563.0 0.010975
19564.0 0.011047
19565.0 0.011119
19566.0 0.011191
19567.0 0.011263
19568.0 0.011335
19569.0 0.011407
19570.0 0.011479
19571.0 0.011551
19572.0 0.011623
19573.0 0.011695
19574.0 0.011767
19575.0 0.011840
19576.0 0.011967
19577.0 0.012124
19578.0 0.012281
19579.0 0.012438
19580.0 0.012594
19581.0 0.012751
19582.0 0.012908
19583.0 0.013065
19584.0 0.013222
19585.0 0.013378
19586.0 0.013535
19587.0 0.013692
19588.0 0.013849
19589.0 0.014005
19590.0 0.014162
19591.0 0.014319
19592.0 0.014476
19593.0 0.014633
19594.0 0.014789
19595.0 0.014946
19596.0 0.015103
19597.0 0.015260
19598.0 0.015417
19599.0 0.015573
19600.0 0.015730
19601.0 0.015887
19602.0 0.016044
19603.0 0.016200
19604.0 0.016357
19605.0 0.016514
19606.0 0.016671
19607.0 0.016828
19608.0 0.016984
19609.0 0.017141
19610.0 0.017298
19611.0 0.017455
19612.0 0.017611
19613.0 0.017768
19614.0 0.017925
19615.0 0.018082
19616.0 0.018239
19617.0 0.018395
19618.0 0.018552
19619.0 0.018709
19620.0 0.018866
19621.0 0.019023
19622.0 0.019179
19623.0 0.019336
19624.0 0.019493
19625.0 0.019650
19626.0 0.019912
19627.0 0.020233
19628.0 0.020554
19629.0 0.020875
19630.0 0.021196
19631.0 0.021517
19632.0 0.021838
19633.0 0.022159
19634.0 0.022480
19635.0 0.022801
19636.0 0.023122
19637.0 0.023443
19638.0 0.023764
19639.0 0.024085
19640.0 0.024406
19641.0 0.024727
19642.0 0.025048
19643.0 0.025369
19644.0 0.025690
19645.0 0.026011
19646.0 0.026331
19647.0 0.026652
19648.0 0.026973
19649.0 0.027294
19650.0 0.027615
19651.0 0.027936
19652.0 0.028257
19653.0 0.028578
19654.0 0.028899
19655.0 0.029220
19656.0 0.029541
19657.0 0.029862
19658.0 0.030183
19659.0 0.030504
19660.0 0.030825
19661.0 0.031146
19662.0 0.031467
19663.0 0.031788
19664.0 0.032109
19665.0 0.032430
19666.0 0.032751
19667.0 0.033072
19668.0 0.033393
19669.0 0.033714
19670.0 0.034035
19671.0 0.034356
19672.0 0.034677
19673.0 0.034998
19674.0 0.035319
19675.0 0.035640
19676.0 0.035960
19677.0 0.036281
19678.0 0.036602
19679.0 0.036923
19680.0 0.037244
19681.0 0.037565
19682.0 0.037886
19683.0 0.038207
19684.0 0.038528
19685.0 0.038849
19686.0 0.039170
19687.0 0.039491
19688.0 0.039812
19689.0 0.040133
19690.0 0.040454
19691.0 0.040775
19692.0 0.041096
19693.0 0.041417
19694.0 0.041738
19695.0 0.042059
19696.0 0.042582
19697.0 0.043227
19698.0 0.043871
19699.0 0.044516
19700.0 0.045161
19701.0 0.045805
19702.0 0.046450
19703.0 0.047095
19704.0 0.047739
19705.0 0.048384
19706.0 0.049029
19707.0 0.049673
19708.0 0.050318
19709.0 0.050962
19710.0 0.051607
19711.0 0.052252
19712.0 0.052896
19713.0 0.053541
19714.0 0.054186
19715.0 0.054830
19716.0 0.055475
19717.0 0.056120
19718.0 0.056764
19719.0 0.057409
19720.0 0.058054
19721.0 0.058698
19722.0 0.059343
19723.0 0.059988
19724.0 0.060632
19725.0 0.061277
19726.0 0.061922
19727.0 0.062566
19728.0 0.063211
19729.0 0.063855
19730.0 0.064500
19731.0 0.065145
19732.0 0.065789
19733.0 0.066434
19734.0 0.067079
19735.0 0.067723
19736.0 0.068368
19737.0 0.069013
19738.0 0.069657
19739.0 0.070302
19740.0 0.070947
19741.0 0.071591
19742.0 0.072236
19743.0 0.072881
19744.0 0.073525
19745.0 0.074170
19746.0 0.074814
19747.0 0.075459
19748.0 0.076104
19749.0 0.076748
19750.0 0.077393
19751.0 0.078038
19752.0 0.078682
19753.0 0.079327
19754.0 0.079972
19755.0 0.080616
19756.0 0.081261
19757.0 0.081906
19758.0 0.082550
19759.0 0.083195
19760.0 0.083840
19761.0 0.084484
19762.0 0.085129
19763.0 0.085774
19764.0 0.086418
19765.0 0.087063
19766.0 0.088110
19767.0 0.089419
19768.0 0.090727
19769.0 0.092036
19770.0 0.093345
19771.0 0.094654
19772.0 0.095963
19773.0 0.097272
19774.0 0.098581
19775.0 0.099889
19776.0 0.101198
19777.0 0.102507
19778.0 0.103816
19779.0 0.105125
19780.0 0.106434
19781.0 0.107743
19782.0 0.109051
19783.0 0.110360
19784.0 0.111669
19785.0 0.112978
19786.0 0.114287
19787.0 0.115596
19788.0 0.116905
19789.0 0.118213
19790.0 0.119522
19791.0 0.120831
19792.0 0.122140
19793.0 0.123449
19794.0 0.124758
19795.0 0.126067
19796.0 0.127375
19797.0 0.128684
19798.0 0.129993
19799.0 0.131302
19800.0 0.132611
19801.0 0.133920
19802.0 0.135229
19803.0 0.136537
19804.0 0.137846
19805.0 0.139155
19806.0 0.140464
19807.0 0.141773
19808.0 0.143082
19809.0 0.144390
19810.0 0.145699
19811.0 0.147008
19812.0 0.148317
19813.0 0.149626
19814.0 0.150935
19815.0 0.152244
19816.0 0.153484
19817.0 0.154676
19818.0 0.155869
19819.0 0.157061
19820.0 0.158254
19821.0 0.159446
19822.0 0.160639
19823.0 0.161831
19824.0 0.163024
19825.0 0.164216
19826.0 0.165409
19827.0 0.166601
19828.0 0.167794
19829.0 0.168986
19830.0 0.170179
19831.0 0.171371
19832.0 0.172564
19833.0 0.173756
19834.0 0.174949
19835.0 0.176141
19836.0 0.177334
19837.0 0.178526
19838.0 0.179718
19839.0 0.180911
19840.0 0.182103
19841.0 0.183296
19842.0 0.184488
19843.0 0.185681
19844.0 0.186873
19845.0 0.188066
19846.0 0.189258
19847.0 0.190451
19848.0 0.191643
19849.0 0.192836
19850.0 0.194028
19851.0 0.195221
19852.0 0.196413
19853.0 0.197606
19854.0 0.198798
19855.0 0.199991
19856.0 0.201183
19857.0 0.202376
19858.0 0.203568
19859.0 0.204761
19860.0 0.205953
19861.0 0.207146
19862.0 0.208338
19863.0 0.209531
19864.0 0.210723
19865.0 0.211916
19866.0 0.213108
19867.0 0.214301
19868.0 0.215493
19869.0 0.216686
19870.0 0.217878
19871.0 0.219071
19872.0 0.220263
19873.0 0.221456
19874.0 0.222648
19875.0 0.223841
19876.0 0.225033
19877.0 0.226226
19878.0 0.227418
19879.0 0.228611
19880.0 0.229803
19881.0 0.230996
19882.0 0.232188
19883.0 0.233381
19884.0 0.234573
19885.0 0.235766
19886.0 0.236958
19887.0 0.238151
19888.0 0.239343
19889.0 0.240536
19890.0 0.241728
19891.0 0.242921
19892.0 0.244113
19893.0 0.245306
19894.0 0.246498
19895.0 0.247691
19896.0 0.244900
19897.0 0.239108
19898.0 0.233316
19899.0 0.227524
19900.0 0.221733
19901.0 0.215941
19902.0 0.210149
19903.0 0.204357
19904.0 0.198565
19905.0 0.192773
19906.0 0.190578
19907.0 0.191123
19908.0 0.191668
19909.0 0.192214
19910.0 0.192759
19911.0 0.193305
19912.0 0.193850
19913.0 0.194396
19914.0 0.194941
19915.0 0.195486
19916.0 0.196032
19917.0 0.196577
19918.0 0.197123
19919.0 0.197668
19920.0 0.198213
19921.0 0.198759
19922.0 0.199304
19923.0 0.199850
19924.0 0.200395
19925.0 0.200940
19926.0 0.201486
19927.0 0.202031
19928.0 0.202577
19929.0 0.203122
19930.0 0.203667
19931.0 0.204213
19932.0 0.204758
19933.0 0.205304
19934.0 0.205849
19935.0 0.206394
19936.0 0.206940
19937.0 0.207485
19938.0 0.208031
19939.0 0.208576
19940.0 0.209121
19941.0 0.209667
19942.0 0.210212
19943.0 0.210758
19944.0 0.211303
19945.0 0.211848
19946.0 0.212394
19947.0 0.212939
19948.0 0.213485
19949.0 0.214030
19950.0 0.214576
19951.0 0.215121
19952.0 0.215666
19953.0 0.216212
19954.0 0.216757
19955.0 0.217303
19956.0 0.217848
19957.0 0.218393
19958.0 0.218939
19959.0 0.219484
19960.0 0.220030
19961.0 0.220575
19962.0 0.221120
19963.0 0.221666
19964.0 0.222211
19965.0 0.222757
19966.0 0.223302
19967.0 0.223847
19968.0 0.224393
19969.0 0.224938
19970.0 0.225484
19971.0 0.226029
19972.0 0.226574
19973.0 0.227120
19974.0 0.227665
19975.0 0.228211
19976.0 0.228756
19977.0 0.229301
19978.0 0.229847
19979.0 0.230392
19980.0 0.230938
19981.0 0.231483
19982.0 0.232028
19983.0 0.232574
19984.0 0.233119
19985.0 0.233665
19986.0 0.234244
19987.0 0.234850
19988.0 0.235457
19989.0 0.236063
19990.0 0.236670
19991.0 0.237276
19992.0 0.237883
19993.0 0.238490
19994.0 0.239096
19995.0 0.239703
19996.0 0.240309
19997.0 0.240916
19998.0 0.241522
19999.0 0.242129
20000.0 0.242736
20001.0 0.243342
20002.0 0.243949
20003.0 0.244555
20004.0 0.245162
20005.0 0.245769
20006.0 0.246375
20007.0 0.246982
20008.0 0.247588
20009.0 0.248195
20010.0 0.248801
20011.0 0.249408
20012.0 0.250015
20013.0 0.250621
20014.0 0.251228
20015.0 0.251834
20016.0 0.252441
20017.0 0.253047
20018.0 0.253654
20019.0 0.254261
20020.0 0.254867
20021.0 0.255474
20022.0 0.256080
20023.0 0.256687
20024.0 0.257293
20025.0 0.257900
20026.0 0.258507
20027.0 0.259113
20028.0 0.259720
20029.0 0.260326
20030.0 0.260933
20031.0 0.261540
20032.0 0.262146
20033.0 0.262753
20034.0 0.263359
20035.0 0.263966
20036.0 0.264572
20037.0 0.265179
20038.0 0.265786
20039.0 0.266392
20040.0 0.266999
20041.0 0.267605
20042.0 0.268212
20043.0 0.268818
20044.0 0.269425
20045.0 0.270032
20046.0 0.270638
20047.0 0.271245
20048.0 0.271851
20049.0 0.272458
20050.0 0.273065
20051.0 0.273671
20052.0 0.274278
20053.0 0.274884
20054.0 0.275491
20055.0 0.276097
20056.0 0.276704
20057.0 0.277311
20058.0 0.277917
20059.0 0.278524
20060.0 0.279130
20061.0 0.279737
20062.0 0.280343
20063.0 0.280950
20064.0 0.281557
20065.0 0.282163
20066.0 0.282770
20067.0 0.283376
20068.0 0.283983
20069.0 0.284590
20070.0 0.285196
20071.0 0.285803
20072.0 0.286409
20073.0 0.287016
20074.0 0.287622
20075.0 0.288229
20076.0 0.288836
20077.0 0.289442
20078.0 0.290049
20079.0 0.290655
20080.0 0.291262
20081.0 0.291868
20082.0 0.292475
20083.0 0.293082
20084.0 0.293688
20085.0 0.294295
20086.0 0.295483
20087.0 0.297210
20088.0 0.298938
20089.0 0.300665
20090.0 0.302393
20091.0 0.304120
20092.0 0.305848
20093.0 0.307575
20094.0 0.309303
20095.0 0.311030
20096.0 0.312758
20097.0 0.314485
20098.0 0.316213
20099.0 0.317940
20100.0 0.319668
20101.0 0.321395
20102.0 0.323123
20103.0 0.324850
20104.0 0.326578
20105.0 0.328305
20106.0 0.330033
20107.0 0.331760
20108.0 0.333488
20109.0 0.335215
20110.0 0.336943
20111.0 0.338670
20112.0 0.340398
20113.0 0.342125
20114.0 0.343853
20115.0 0.345580
20116.0 0.347308
20117.0 0.349035
20118.0 0.350763
20119.0 0.352490
20120.0 0.354218
20121.0 0.355945
20122.0 0.357673
20123.0 0.359400
20124.0 0.361128
20125.0 0.362855
20126.0 0.364583
20127.0 0.366310
20128.0 0.368038
20129.0 0.369765
20130.0 0.371493
20131.0 0.373220
20132.0 0.374948
20133.0 0.376675
20134.0 0.378403
20135.0 0.380130
20136.0 0.381858
20137.0 0.383585
20138.0 0.385313
20139.0 0.387040
20140.0 0.388768
20141.0 0.390495
20142.0 0.392223
20143.0 0.393951
20144.0 0.395678
20145.0 0.397406
20146.0 0.397647
20147.0 0.396415
20148.0 0.395182
20149.0 0.393950
20150.0 0.392718
20151.0 0.391486
20152.0 0.390254
20153.0 0.389022
20154.0 0.387790
20155.0 0.386558
20156.0 0.385326
20157.0 0.384094
20158.0 0.382862
20159.0 0.381629
20160.0 0.380397
20161.0 0.379165
20162.0 0.377933
20163.0 0.376701
20164.0 0.375469
20165.0 0.374237
20166.0 0.373005
20167.0 0.371773
20168.0 0.370541
20169.0 0.369308
20170.0 0.368076
20171.0 0.366844
20172.0 0.365612
20173.0 0.364380
20174.0 0.363148
20175.0 0.361916
20176.0 0.360684
20177.0 0.359452
20178.0 0.358220
20179.0 0.356988
20180.0 0.355755
20181.0 0.354523
20182.0 0.353291
20183.0 0.352059
20184.0 0.350827
20185.0 0.349595
20186.0 0.348363
20187.0 0.347131
20188.0 0.345899
20189.0 0.344667
20190.0 0.343435
20191.0 0.342202
20192.0 0.340970
20193.0 0.339738
20194.0 0.338506
20195.0 0.337274
20196.0 0.338186
20197.0 0.341343
20198.0 0.344500
20199.0 0.347656
20200.0 0.350813
20201.0 0.353970
20202.0 0.357126
20203.0 0.360283
20204.0 0.363440
20205.0 0.366596
20206.0 0.369753
20207.0 0.372910
20208.0 0.376066
20209.0 0.379223
20210.0 0.382380
20211.0 0.385536
20212.0 0.388693
20213.0 0.391850
20214.0 0.395006
20215.0 0.398163
20216.0 0.401320
20217.0 0.404476
20218.0 0.407633
20219.0 0.410790
20220.0 0.413946
20221.0 0.417103
20222.0 0.420260
20223.0 0.423416
20224.0 0.426573
20225.0 0.429730
20226.0 0.432886
20227.0 0.436043
20228.0 0.439200
20229.0 0.442356
20230.0 0.445513
20231.0 0.448670
20232.0 0.451826
20233.0 0.454983
20234.0 0.458140
20235.0 0.461296
20236.0 0.464453
20237.0 0.467610
20238.0 0.470766
20239.0 0.473923
20240.0 0.477080
20241.0 0.480236
20242.0 0.483393
20243.0 0.486550
20244.0 0.489706
20245.0 0.492863
20246.0 0.496020
20247.0 0.499176
20248.0 0.502333
20249.0 0.505490
20250.0 0.508646
20251.0 0.511803
20252.0 0.514960
20253.0 0.518116
20254.0 0.521273
20255.0 0.524430
20256.0 0.527586
20257.0 0.530743
20258.0 0.533900
20259.0 0.537056
20260.0 0.540213
20261.0 0.543370
20262.0 0.546526
20263.0 0.549683
20264.0 0.552840
20265.0 0.555996
20266.0 0.559153
20267.0 0.562310
20268.0 0.565466
20269.0 0.568623
20270.0 0.571780
20271.0 0.574936
20272.0 0.578093
20273.0 0.581250
20274.0 0.584407
20275.0 0.587563
20276.0 0.590720
20277.0 0.593877
20278.0 0.597033
20279.0 0.600190
20280.0 0.603347
20281.0 0.606503
20282.0 0.609660
20283.0 0.612817
20284.0 0.615973
20285.0 0.619130
20286.0 0.621565
20287.0 0.623168
20288.0 0.624770
20289.0 0.626372
20290.0 0.627975
20291.0 0.629577
20292.0 0.631180
20293.0 0.632782
20294.0 0.634385
20295.0 0.635987
20296.0 0.637589
20297.0 0.639192
20298.0 0.640794
20299.0 0.642397
20300.0 0.643999
20301.0 0.645602
20302.0 0.647204
20303.0 0.648806
20304.0 0.650409
20305.0 0.652011
20306.0 0.653614
20307.0 0.655216
20308.0 0.656819
20309.0 0.658421
20310.0 0.660023
20311.0 0.661626
20312.0 0.663228
20313.0 0.664831
20314.0 0.666433
20315.0 0.668036
20316.0 0.669638
20317.0 0.671240
20318.0 0.672843
20319.0 0.674445
20320.0 0.676048
20321.0 0.677650
20322.0 0.679253
20323.0 0.680855
20324.0 0.682457
20325.0 0.684060
20326.0 0.685662
20327.0 0.687265
20328.0 0.688867
20329.0 0.690470
20330.0 0.692072
20331.0 0.693674
20332.0 0.695277
20333.0 0.696879
20334.0 0.698482
20335.0 0.700084
20336.0 0.701686
20337.0 0.703289
20338.0 0.704891
20339.0 0.706494
20340.0 0.708096
20341.0 0.709699
20342.0 0.711301
20343.0 0.712903
20344.0 0.714506
20345.0 0.716108
20346.0 0.717711
20347.0 0.719313
20348.0 0.720916
20349.0 0.722518
20350.0 0.724120
20351.0 0.725723
20352.0 0.727325
20353.0 0.728928
20354.0 0.730530
20355.0 0.732133
20356.0 0.733735
20357.0 0.735337
20358.0 0.736940
20359.0 0.738542
20360.0 0.740145
20361.0 0.741747
20362.0 0.743350
20363.0 0.744952
20364.0 0.746554
20365.0 0.748157
20366.0 0.749759
20367.0 0.751362
20368.0 0.752964
20369.0 0.754567
20370.0 0.756169
20371.0 0.757771
20372.0 0.759374
20373.0 0.760976
20374.0 0.762579
20375.0 0.764181
20376.0 0.764977
20377.0 0.764745
20378.0 0.764513
20379.0 0.764281
20380.0 0.764048
20381.0 0.763816
20382.0 0.763584
20383.0 0.763352
20384.0 0.763120
20385.0 0.762888
20386.0 0.762656
20387.0 0.762423
20388.0 0.762191
20389.0 0.761959
20390.0 0.761727
20391.0 0.761495
20392.0 0.761263
20393.0 0.761031
20394.0 0.760798
20395.0 0.760566
20396.0 0.760334
20397.0 0.760102
20398.0 0.759870
20399.0 0.759638
20400.0 0.759406
20401.0 0.759174
20402.0 0.758941
20403.0 0.758709
20404.0 0.758477
20405.0 0.758245
20406.0 0.758013
20407.0 0.757781
20408.0 0.757549
20409.0 0.757316
20410.0 0.757084
20411.0 0.756852
20412.0 0.756620
20413.0 0.756388
20414.0 0.756156
20415.0 0.755924
20416.0 0.755691
20417.0 0.755459
20418.0 0.755227
20419.0 0.754995
20420.0 0.754763
20421.0 0.754531
20422.0 0.754299
20423.0 0.754066
20424.0 0.753834
20425.0 0.753602
20426.0 0.753370
20427.0 0.753138
20428.0 0.752906
20429.0 0.752674
20430.0 0.752441
20431.0 0.752209
20432.0 0.751977
20433.0 0.751745
20434.0 0.751513
20435.0 0.751281
20436.0 0.751049
20437.0 0.750816
20438.0 0.750584
20439.0 0.750352
20440.0 0.750120
20441.0 0.749888
20442.0 0.749656
20443.0 0.749424
20444.0 0.749191
20445.0 0.748959
20446.0 0.748727
20447.0 0.748495
20448.0 0.748263
20449.0 0.748031
20450.0 0.747799
20451.0 0.747567
20452.0 0.747334
20453.0 0.747102
20454.0 0.746870
20455.0 0.746638
20456.0 0.746186
20457.0 0.745428
20458.0 0.744669
20459.0 0.743911
20460.0 0.743153
20461.0 0.742394
20462.0 0.741636
20463.0 0.740878
20464.0 0.740119
20465.0 0.739361
20466.0 0.738603
20467.0 0.737844
20468.0 0.737086
20469.0 0.736328
20470.0 0.735570
20471.0 0.734811
20472.0 0.734053
20473.0 0.733295
20474.0 0.732536
20475.0 0.731778
20476.0 0.731020
20477.0 0.730261
20478.0 0.729503
20479.0 0.728745
20480.0 0.727986
20481.0 0.727228
20482.0 0.726470
20483.0 0.725711
20484.0 0.724953
20485.0 0.724195
20486.0 0.723436
20487.0 0.722678
20488.0 0.721920
20489.0 0.721162
20490.0 0.720403
20491.0 0.719645
20492.0 0.718887
20493.0 0.718128
20494.0 0.717370
20495.0 0.716612
20496.0 0.715853
20497.0 0.715095
20498.0 0.714337
20499.0 0.713578
20500.0 0.712820
20501.0 0.712062
20502.0 0.711303
20503.0 0.710545
20504.0 0.709787
20505.0 0.709028
20506.0 0.708270
20507.0 0.707512
20508.0 0.706753
20509.0 0.705995
20510.0 0.705237
20511.0 0.704479
20512.0 0.703720
20513.0 0.702962
20514.0 0.702204
20515.0 0.701445
20516.0 0.700687
20517.0 0.699929
20518.0 0.699170
20519.0 0.698412
20520.0 0.697654
20521.0 0.696895
20522.0 0.696137
20523.0 0.695379
20524.0 0.694620
20525.0 0.693862
20526.0 0.693104
20527.0 0.692345
20528.0 0.691587
20529.0 0.690829
20530.0 0.690070
20531.0 0.689312
20532.0 0.688554
20533.0 0.687796
20534.0 0.687037
20535.0 0.686279
20536.0 0.685521
20537.0 0.684762
20538.0 0.684004
20539.0 0.683246
20540.0 0.682487
20541.0 0.681729
20542.0 0.680971
20543.0 0.680212
20544.0 0.679454
20545.0 0.678696
20546.0 0.677937
20547.0 0.677179
20548.0 0.676421
20549.0 0.675662
20550.0 0.674904
20551.0 0.674146
20552.0 0.673388
20553.0 0.672629
20554.0 0.671871
20555.0 0.671113
20556.0 0.670354
20557.0 0.669596
20558.0 0.668838
20559.0 0.668079
20560.0 0.667321
20561.0 0.666563
20562.0 0.665804
20563.0 0.665046
20564.0 0.664288
20565.0 0.663529
20566.0 0.662771
20567.0 0.662013
20568.0 0.661254
20569.0 0.660496
20570.0 0.659738
20571.0 0.658979
20572.0 0.658221
20573.0 0.657463
20574.0 0.656705
20575.0 0.655946
20576.0 0.655188
20577.0 0.654430
20578.0 0.653671
20579.0 0.652913
20580.0 0.652155
20581.0 0.651396
20582.0 0.650638
20583.0 0.649880
20584.0 0.649121
20585.0 0.648363
20586.0 0.647605
20587.0 0.646846
20588.0 0.646088
20589.0 0.645330
20590.0 0.644571
20591.0 0.643813
20592.0 0.643055
20593.0 0.642297
20594.0 0.641538
20595.0 0.640780
20596.0 0.640022
20597.0 0.639263
20598.0 0.638505
20599.0 0.637747
20600.0 0.636988
20601.0 0.636230
20602.0 0.635472
20603.0 0.634713
20604.0 0.633955
20605.0 0.633197
20606.0 0.632438
20607.0 0.631680
20608.0 0.630922
20609.0 0.630163
20610.0 0.629405
20611.0 0.628647
20612.0 0.627888
20613.0 0.627130
20614.0 0.626372
20615.0 0.625614
20616.0 0.625481
20617.0 0.626394
20618.0 0.627306
20619.0 0.628219
20620.0 0.629132
20621.0 0.630045
20622.0 0.630958
20623.0 0.631871
20624.0 0.632784
20625.0 0.633696
20626.0 0.634609
20627.0 0.635522
20628.0 0.636435
20629.0 0.637348
20630.0 0.638261
20631.0 0.639173
20632.0 0.640086
20633.0 0.640999
20634.0 0.641912
20635.0 0.642825
20636.0 0.643738
20637.0 0.644651
20638.0 0.645563
20639.0 0.646476
20640.0 0.647389
20641.0 0.648302
20642.0 0.649215
20643.0 0.650128
20644.0 0.651041
20645.0 0.651953
20646.0 0.652866
20647.0 0.653779
20648.0 0.654692
20649.0 0.655605
20650.0 0.656518
20651.0 0.657431
20652.0 0.658343
20653.0 0.659256
20654.0 0.660169
20655.0 0.661082
20656.0 0.661995
20657.0 0.662908
20658.0 0.663821
20659.0 0.664733
20660.0 0.665646
20661.0 0.666559
20662.0 0.667472
20663.0 0.668385
20664.0 0.669298
20665.0 0.670211
20666.0 0.671123
20667.0 0.672036
20668.0 0.672949
20669.0 0.673862
20670.0 0.674775
20671.0 0.675688
20672.0 0.676600
20673.0 0.677513
20674.0 0.678426
20675.0 0.679339
20676.0 0.680252
20677.0 0.681165
20678.0 0.682078
20679.0 0.682990
20680.0 0.683903
20681.0 0.684816
20682.0 0.685729
20683.0 0.686642
20684.0 0.687555
20685.0 0.688468
20686.0 0.689380
20687.0 0.690293
20688.0 0.691206
20689.0 0.692119
20690.0 0.693032
20691.0 0.693945
20692.0 0.694858
20693.0 0.695770
20694.0 0.696683
20695.0 0.697596
20696.0 0.698509
20697.0 0.699422
20698.0 0.700335
20699.0 0.701248
20700.0 0.702160
20701.0 0.703073
20702.0 0.703986
20703.0 0.704899
20704.0 0.705812
20705.0 0.706725
20706.0 0.707638
20707.0 0.708550
20708.0 0.709463
20709.0 0.710376
20710.0 0.711289
20711.0 0.712202
20712.0 0.713115
20713.0 0.714027
20714.0 0.714940
20715.0 0.715853
20716.0 0.716766
20717.0 0.717679
20718.0 0.718592
20719.0 0.719505
20720.0 0.720417
20721.0 0.721330
20722.0 0.722243
20723.0 0.723156
20724.0 0.724069
20725.0 0.724982
20726.0 0.725167
20727.0 0.723966
20728.0 0.722766
20729.0 0.721565
20730.0 0.720364
20731.0 0.719164
20732.0 0.717963
20733.0 0.716763
20734.0 0.715562
20735.0 0.714361
20736.0 0.713161
20737.0 0.711960
20738.0 0.710759
20739.0 0.709559
20740.0 0.708358
20741.0 0.707158
20742.0 0.705957
20743.0 0.704756
20744.0 0.703556
20745.0 0.702355
20746.0 0.701154
20747.0 0.699954
20748.0 0.698753
20749.0 0.697553
20750.0 0.696352
20751.0 0.695151
20752.0 0.693951
20753.0 0.692750
20754.0 0.691550
20755.0 0.690349
20756.0 0.690025
20757.0 0.691431
20758.0 0.692837
20759.0 0.694243
20760.0 0.695649
20761.0 0.697055
20762.0 0.698461
20763.0 0.699867
20764.0 0.701273
20765.0 0.702679
20766.0 0.704085
20767.0 0.705491
20768.0 0.706897
20769.0 0.708303
20770.0 0.709709
20771.0 0.711115
20772.0 0.712521
20773.0 0.713927
20774.0 0.715333
20775.0 0.716739
20776.0 0.718145
20777.0 0.719551
20778.0 0.720958
20779.0 0.722364
20780.0 0.723770
20781.0 0.725176
20782.0 0.726582
20783.0 0.727988
20784.0 0.729394
20785.0 0.730800
20786.0 0.732206
20787.0 0.733612
20788.0 0.735018
20789.0 0.736424
20790.0 0.737830
20791.0 0.739236
20792.0 0.740642
20793.0 0.742048
20794.0 0.743454
20795.0 0.744860
20796.0 0.746266
20797.0 0.747672
20798.0 0.749078
20799.0 0.750484
20800.0 0.751891
20801.0 0.753297
20802.0 0.754703
20803.0 0.756109
20804.0 0.757515
20805.0 0.758921
20806.0 0.760327
20807.0 0.761733
20808.0 0.763139
20809.0 0.764545
20810.0 0.765951
20811.0 0.767357
20812.0 0.768763
20813.0 0.770169
20814.0 0.771575
20815.0 0.772981
20816.0 0.774387
20817.0 0.775793
20818.0 0.777199
20819.0 0.778605
20820.0 0.780011
20821.0 0.781417
20822.0 0.782824
20823.0 0.784230
20824.0 0.785636
20825.0 0.787042
20826.0 0.788139
20827.0 0.788571
20828.0 0.789002
20829.0 0.789434
20830.0 0.789866
20831.0 0.790298
20832.0 0.790729
20833.0 0.791161
20834.0 0.791593
20835.0 0.792025
20836.0 0.792457
20837.0 0.792888
20838.0 0.793320
20839.0 0.793752
20840.0 0.794184
20841.0 0.794615
20842.0 0.795047
20843.0 0.795479
20844.0 0.795911
20845.0 0.796343
20846.0 0.796774
20847.0 0.797206
20848.0 0.797638
20849.0 0.798070
20850.0 0.798501
20851.0 0.798933
20852.0 0.799365
20853.0 0.799797
20854.0 0.800229
20855.0 0.800660
20856.0 0.801092
20857.0 0.801524
20858.0 0.801956
20859.0 0.802387
20860.0 0.802819
20861.0 0.803251
20862.0 0.803683
20863.0 0.804115
20864.0 0.804546
20865.0 0.804978
20866.0 0.805410
20867.0 0.805842
20868.0 0.806273
20869.0 0.806705
20870.0 0.807137
20871.0 0.807569
20872.0 0.808001
20873.0 0.808432
20874.0 0.808864
20875.0 0.809296
20876.0 0.809728
20877.0 0.810159
20878.0 0.810591
20879.0 0.811023
20880.0 0.811455
20881.0 0.811887
20882.0 0.812318
20883.0 0.812750
20884.0 0.813182
20885.0 0.813614
20886.0 0.814045
20887.0 0.814477
20888.0 0.814909
20889.0 0.815341
20890.0 0.815773
20891.0 0.816204
20892.0 0.816636
20893.0 0.817068
20894.0 0.817500
20895.0 0.817931
20896.0 0.818249
20897.0 0.818296
20898.0 0.818342
20899.0 0.818389
20900.0 0.818436
20901.0 0.818483
20902.0 0.818530
20903.0 0.818577
20904.0 0.818624
20905.0 0.818671
20906.0 0.818718
20907.0 0.818765
20908.0 0.818812
20909.0 0.818859
20910.0 0.818906
20911.0 0.818953
20912.0 0.819000
20913.0 0.819047
20914.0 0.819094
20915.0 0.819141
20916.0 0.819188
20917.0 0.819235
20918.0 0.819282
20919.0 0.819329
20920.0 0.819376
20921.0 0.819423
20922.0 0.819470
20923.0 0.819517
20924.0 0.819564
20925.0 0.819611
20926.0 0.819658
20927.0 0.819705
20928.0 0.819752
20929.0 0.819799
20930.0 0.819846
20931.0 0.819893
20932.0 0.819940
20933.0 0.819987
20934.0 0.820034
20935.0 0.820080
20936.0 0.820127
20937.0 0.820174
20938.0 0.820221
20939.0 0.820268
20940.0 0.820315
20941.0 0.820362
20942.0 0.820409
20943.0 0.820456
20944.0 0.820503
20945.0 0.820550
20946.0 0.820597
20947.0 0.820644
20948.0 0.820691
20949.0 0.820738
20950.0 0.820785
20951.0 0.820832
20952.0 0.820879
20953.0 0.820926
20954.0 0.820973
20955.0 0.821020
20956.0 0.821067
20957.0 0.821114
20958.0 0.821161
20959.0 0.821208
20960.0 0.821255
20961.0 0.821302
20962.0 0.821349
20963.0 0.821396
20964.0 0.821443
20965.0 0.821490
20966.0 0.821537
20967.0 0.821584
20968.0 0.821631
20969.0 0.821678
20970.0 0.821725
20971.0 0.821772
20972.0 0.821818
20973.0 0.821865
20974.0 0.821912
20975.0 0.821959
20976.0 0.822006
20977.0 0.822053
20978.0 0.822100
20979.0 0.822147
20980.0 0.822194
20981.0 0.822241
20982.0 0.822288
20983.0 0.822335
20984.0 0.822382
20985.0 0.822429
20986.0 0.822476
20987.0 0.822523
20988.0 0.822570
20989.0 0.822617
20990.0 0.822664
20991.0 0.822711
20992.0 0.822758
20993.0 0.822805
20994.0 0.822852
20995.0 0.822899
20996.0 0.823090
20997.0 0.823668
20998.0 0.824245
20999.0 0.824823
21000.0 0.825401
21001.0 0.825979
21002.0 0.826557
21003.0 0.827135
21004.0 0.827713
21005.0 0.828291
21006.0 0.828869
21007.0 0.829447
21008.0 0.830025
21009.0 0.830603
21010.0 0.831181
21011.0 0.831759
21012.0 0.832336
21013.0 0.832914
21014.0 0.833492
21015.0 0.834070
21016.0 0.834648
21017.0 0.835226
21018.0 0.835804
21019.0 0.836382
21020.0 0.836960
21021.0 0.837538
21022.0 0.838116
21023.0 0.838694
21024.0 0.839272
21025.0 0.839850
21026.0 0.840427
21027.0 0.841005
21028.0 0.841583
21029.0 0.842161
21030.0 0.842739
21031.0 0.843317
21032.0 0.843895
21033.0 0.844473
21034.0 0.845051
21035.0 0.845629
21036.0 0.846207
21037.0 0.846785
21038.0 0.847363
21039.0 0.847940
21040.0 0.848518
21041.0 0.849096
21042.0 0.849674
21043.0 0.850252
21044.0 0.850830
21045.0 0.851408
21046.0 0.851986
21047.0 0.852564
21048.0 0.853142
21049.0 0.853720
21050.0 0.854298
21051.0 0.854876
21052.0 0.855454
21053.0 0.856031
21054.0 0.856609
21055.0 0.857187
21056.0 0.857765
21057.0 0.858343
21058.0 0.858921
21059.0 0.859499
21060.0 0.860077
21061.0 0.860655
21062.0 0.861233
21063.0 0.861811
21064.0 0.862389
21065.0 0.862967
21066.0 0.863451
21067.0 0.863659
21068.0 0.863867
21069.0 0.864074
21070.0 0.864282
21071.0 0.864489
21072.0 0.864697
21073.0 0.864905
21074.0 0.865112
21075.0 0.865320
21076.0 0.865527
21077.0 0.865735
21078.0 0.865943
21079.0 0.866150
21080.0 0.866358
21081.0 0.866565
21082.0 0.866773
21083.0 0.866981
21084.0 0.867188
21085.0 0.867396
21086.0 0.867604
21087.0 0.867811
21088.0 0.868019
21089.0 0.868226
21090.0 0.868434
21091.0 0.868642
21092.0 0.868849
21093.0 0.869057
21094.0 0.869264
21095.0 0.869472
21096.0 0.869680
21097.0 0.869887
21098.0 0.870095
21099.0 0.870302
21100.0 0.870510
21101.0 0.870718
21102.0 0.870925
21103.0 0.871133
21104.0 0.871341
21105.0 0.871548
21106.0 0.871756
21107.0 0.871963
21108.0 0.872171
21109.0 0.872379
21110.0 0.872586
21111.0 0.872794
21112.0 0.873001
21113.0 0.873209
21114.0 0.873417
21115.0 0.873624
21116.0 0.873832
21117.0 0.874039
21118.0 0.874247
21119.0 0.874455
21120.0 0.874662
21121.0 0.874870
21122.0 0.875078
21123.0 0.875285
21124.0 0.875493
21125.0 0.875700
21126.0 0.875908
21127.0 0.876116
21128.0 0.876323
21129.0 0.876531
21130.0 0.876738
21131.0 0.876946
21132.0 0.877154
21133.0 0.877361
21134.0 0.877569
21135.0 0.877776
21136.0 0.877860
21137.0 0.877532
21138.0 0.877204
21139.0 0.876877
21140.0 0.876549
21141.0 0.876222
21142.0 0.875894
21143.0 0.875567
21144.0 0.875239
21145.0 0.874911
21146.0 0.874584
21147.0 0.874256
21148.0 0.873929
21149.0 0.873601
21150.0 0.873273
21151.0 0.872946
21152.0 0.872618
21153.0 0.872291
21154.0 0.871963
21155.0 0.871636
21156.0 0.871308
21157.0 0.870980
21158.0 0.870653
21159.0 0.870325
21160.0 0.869998
21161.0 0.869670
21162.0 0.869343
21163.0 0.869015
21164.0 0.868687
21165.0 0.868360
21166.0 0.868032
21167.0 0.867705
21168.0 0.867377
21169.0 0.867049
21170.0 0.866722
21171.0 0.866394
21172.0 0.866067
21173.0 0.865739
21174.0 0.865412
21175.0 0.865084
21176.0 0.864756
21177.0 0.864429
21178.0 0.864101
21179.0 0.863774
21180.0 0.863446
21181.0 0.863119
21182.0 0.862791
21183.0 0.862463
21184.0 0.862136
21185.0 0.861808
21186.0 0.861481
21187.0 0.861153
21188.0 0.860825
21189.0 0.860498
21190.0 0.860170
21191.0 0.859843
21192.0 0.859515
21193.0 0.859188
21194.0 0.858860
21195.0 0.858532
21196.0 0.858205
21197.0 0.857877
21198.0 0.857550
21199.0 0.857222
21200.0 0.856894
21201.0 0.856567
21202.0 0.856239
21203.0 0.855912
21204.0 0.855584
21205.0 0.855257
21206.0 0.855215
21207.0 0.856226
21208.0 0.857236
21209.0 0.858247
21210.0 0.859258
21211.0 0.860268
21212.0 0.861279
21213.0 0.862290
21214.0 0.863301
21215.0 0.864311
21216.0 0.865322
21217.0 0.866333
21218.0 0.867343
21219.0 0.868354
21220.0 0.869365
21221.0 0.870375
21222.0 0.871386
21223.0 0.872397
21224.0 0.873407
21225.0 0.874418
21226.0 0.875429
21227.0 0.876440
21228.0 0.877450
21229.0 0.878461
21230.0 0.879472
21231.0 0.880482
21232.0 0.881493
21233.0 0.882504
21234.0 0.883514
21235.0 0.884525
21236.0 0.885536
21237.0 0.886547
21238.0 0.887557
21239.0 0.888568
21240.0 0.889579
21241.0 0.890589
21242.0 0.891600
21243.0 0.892611
21244.0 0.893621
21245.0 0.894632
21246.0 0.895472
21247.0 0.895640
21248.0 0.895808
21249.0 0.895976
21250.0 0.896144
21251.0 0.896312
21252.0 0.896480
21253.0 0.896648
21254.0 0.896817
21255.0 0.896985
21256.0 0.897153
21257.0 0.897321
21258.0 0.897489
21259.0 0.897657
21260.0 0.897825
21261.0 0.897993
21262.0 0.898161
21263.0 0.898329
21264.0 0.898497
21265.0 0.898665
21266.0 0.898833
21267.0 0.899001
21268.0 0.899169
21269.0 0.899338
21270.0 0.899506
21271.0 0.899674
21272.0 0.899842
21273.0 0.900010
21274.0 0.900178
21275.0 0.900346
21276.0 0.900514
21277.0 0.900682
21278.0 0.900850
21279.0 0.901018
21280.0 0.901186
21281.0 0.901354
21282.0 0.901522
21283.0 0.901690
21284.0 0.901859
21285.0 0.902027
21286.0 0.902195
21287.0 0.902363
21288.0 0.902531
21289.0 0.902699
21290.0 0.902867
21291.0 0.903035
21292.0 0.903203
21293.0 0.903371
21294.0 0.903539
21295.0 0.903707
21296.0 0.903875
21297.0 0.904043
21298.0 0.904212
21299.0 0.904380
21300.0 0.904548
21301.0 0.904716
21302.0 0.904884
21303.0 0.905052
21304.0 0.905220
21305.0 0.905388
21306.0 0.905556
21307.0 0.905724
21308.0 0.905892
21309.0 0.906060
21310.0 0.906228
21311.0 0.906396
21312.0 0.906564
21313.0 0.906733
21314.0 0.906901
21315.0 0.907069
21316.0 0.907237
21317.0 0.907405
21318.0 0.907573
21319.0 0.907741
21320.0 0.907909
21321.0 0.908077
21322.0 0.908245
21323.0 0.908413
21324.0 0.908581
21325.0 0.908749
21326.0 0.908917
21327.0 0.909085
21328.0 0.909254
21329.0 0.909422
21330.0 0.909590
21331.0 0.909758
21332.0 0.909926
21333.0 0.910094
21334.0 0.910262
21335.0 0.910430
21336.0 0.910598
21337.0 0.910766
21338.0 0.910934
21339.0 0.911102
21340.0 0.911270
21341.0 0.911438
21342.0 0.911606
21343.0 0.911775
21344.0 0.911943
21345.0 0.912111
21346.0 0.912279
21347.0 0.912447
21348.0 0.912615
21349.0 0.912783
21350.0 0.912951
21351.0 0.913119
21352.0 0.913287
21353.0 0.913455
21354.0 0.913623
21355.0 0.913791
21356.0 0.913959
21357.0 0.914127
21358.0 0.914296
21359.0 0.914464
21360.0 0.914632
21361.0 0.914800
21362.0 0.914968
21363.0 0.915136
21364.0 0.915304
21365.0 0.915472
21366.0 0.915640
21367.0 0.915808
21368.0 0.915976
21369.0 0.916144
21370.0 0.916312
21371.0 0.916480
21372.0 0.916649
21373.0 0.916817
21374.0 0.916985
21375.0 0.917153
21376.0 0.917321
21377.0 0.917489
21378.0 0.917657
21379.0 0.917825
21380.0 0.917993
21381.0 0.918161
21382.0 0.918329
21383.0 0.918497
21384.0 0.918665
21385.0 0.918833
21386.0 0.918992
21387.0 0.919105
21388.0 0.919218
21389.0 0.919331
21390.0 0.919444
21391.0 0.919557
21392.0 0.919670
21393.0 0.919783
21394.0 0.919896
21395.0 0.920009
21396.0 0.920122
21397.0 0.920235
21398.0 0.920348
21399.0 0.920461
21400.0 0.920574
21401.0 0.920686
21402.0 0.920799
21403.0 0.920912
21404.0 0.921025
21405.0 0.921138
21406.0 0.921251
21407.0 0.921364
21408.0 0.921477
21409.0 0.921590
21410.0 0.921703
21411.0 0.921816
21412.0 0.921929
21413.0 0.922042
21414.0 0.922155
21415.0 0.922268
21416.0 0.922381
21417.0 0.922494
21418.0 0.922606
21419.0 0.922719
21420.0 0.922832
21421.0 0.922945
21422.0 0.923058
21423.0 0.923171
21424.0 0.923284
21425.0 0.923397
21426.0 0.923510
21427.0 0.923623
21428.0 0.923736
21429.0 0.923849
21430.0 0.923962
21431.0 0.924075
21432.0 0.924188
21433.0 0.924301
21434.0 0.924414
21435.0 0.924526
21436.0 0.924639
21437.0 0.924752
21438.0 0.924865
21439.0 0.924978
21440.0 0.925091
21441.0 0.925204
21442.0 0.925317
21443.0 0.925430
21444.0 0.925543
21445.0 0.925656
21446.0 0.925769
21447.0 0.925882
21448.0 0.925995
21449.0 0.926108
21450.0 0.926221
21451.0 0.926333
21452.0 0.926446
21453.0 0.926559
21454.0 0.926672
21455.0 0.926785
21456.0 0.926882
21457.0 0.926880
21458.0 0.926879
21459.0 0.926878
21460.0 0.926877
21461.0 0.926876
21462.0 0.926875
21463.0 0.926874
21464.0 0.926873
21465.0 0.926872
21466.0 0.926870
21467.0 0.926869
21468.0 0.926868
21469.0 0.926867
21470.0 0.926866
21471.0 0.926865
21472.0 0.926864
21473.0 0.926863
21474.0 0.926861
21475.0 0.926860
21476.0 0.926859
21477.0 0.926858
21478.0 0.926857
21479.0 0.926856
21480.0 0.926855
21481.0 0.926854
21482.0 0.926852
21483.0 0.926851
21484.0 0.926850
21485.0 0.926849
21486.0 0.926848
21487.0 0.926847
21488.0 0.926846
21489.0 0.926845
21490.0 0.926844
21491.0 0.926842
21492.0 0.926841
21493.0 0.926840
21494.0 0.926839
21495.0 0.926838
21496.0 0.926837
21497.0 0.926836
21498.0 0.926835
21499.0 0.926833
21500.0 0.926832
21501.0 0.926831
21502.0 0.926830
21503.0 0.926829
21504.0 0.926828
21505.0 0.926827
21506.0 0.926826
21507.0 0.926824
21508.0 0.926823
21509.0 0.926822
21510.0 0.926821
21511.0 0.926820
21512.0 0.926819
21513.0 0.926818
21514.0 0.926817
21515.0 0.926816
21516.0 0.926814
21517.0 0.926813
21518.0 0.926812
21519.0 0.926811
21520.0 0.926810
21521.0 0.926809
21522.0 0.926808
21523.0 0.926807
21524.0 0.926805
21525.0 0.926804
21526.0 0.926803
21527.0 0.926802
21528.0 0.926801
21529.0 0.926800
21530.0 0.926799
21531.0 0.926798
21532.0 0.926796
21533.0 0.926795
21534.0 0.926794
21535.0 0.926793
21536.0 0.926792
21537.0 0.926791
21538.0 0.926790
21539.0 0.926789
21540.0 0.926788
21541.0 0.926786
21542.0 0.926785
21543.0 0.926784
21544.0 0.926783
21545.0 0.926782
21546.0 0.926781
21547.0 0.926780
21548.0 0.926779
21549.0 0.926777
21550.0 0.926776
21551.0 0.926775
21552.0 0.926774
21553.0 0.926773
21554.0 0.926772
21555.0 0.926771
21556.0 0.926748
21557.0 0.926564
21558.0 0.926381
21559.0 0.926197
21560.0 0.926013
21561.0 0.925830
21562.0 0.925646
21563.0 0.925462
21564.0 0.925279
21565.0 0.925095
21566.0 0.924912
21567.0 0.924728
21568.0 0.924544
21569.0 0.924361
21570.0 0.924177
21571.0 0.923993
21572.0 0.923810
21573.0 0.923626
21574.0 0.923442
21575.0 0.923259
21576.0 0.923075
21577.0 0.922891
21578.0 0.922708
21579.0 0.922524
21580.0 0.922341
21581.0 0.922157
21582.0 0.921973
21583.0 0.921790
21584.0 0.921606
21585.0 0.921422
21586.0 0.921239
21587.0 0.921055
21588.0 0.920871
21589.0 0.920688
21590.0 0.920504
21591.0 0.920320
21592.0 0.920137
21593.0 0.919953
21594.0 0.919770
21595.0 0.919586
21596.0 0.919402
21597.0 0.919219
21598.0 0.919035
21599.0 0.918851
21600.0 0.918668
21601.0 0.918484
21602.0 0.918300
21603.0 0.918117
21604.0 0.917933
21605.0 0.917749
21606.0 0.917566
21607.0 0.917382
21608.0 0.917199
21609.0 0.917015
21610.0 0.916831
21611.0 0.916648
21612.0 0.916464
21613.0 0.916280
21614.0 0.916097
21615.0 0.915913
21616.0 0.915729
21617.0 0.915546
21618.0 0.915362
21619.0 0.915178
21620.0 0.914995
21621.0 0.914811
21622.0 0.914628
21623.0 0.914444
21624.0 0.914260
21625.0 0.914077
21626.0 0.913893
21627.0 0.913709
21628.0 0.913526
21629.0 0.913342
21630.0 0.913158
21631.0 0.912975
21632.0 0.912791
21633.0 0.912607
21634.0 0.912424
21635.0 0.912240
21636.0 0.912056
21637.0 0.911873
21638.0 0.911689
21639.0 0.911506
21640.0 0.911322
21641.0 0.911138
21642.0 0.910955
21643.0 0.910771
21644.0 0.910587
21645.0 0.910404
21646.0 0.910220
21647.0 0.910036
21648.0 0.909853
21649.0 0.909669
21650.0 0.909485
21651.0 0.909302
21652.0 0.909118
21653.0 0.908935
21654.0 0.908751
21655.0 0.908567
21656.0 0.908384
21657.0 0.908200
21658.0 0.908016
21659.0 0.907833
21660.0 0.907649
21661.0 0.907465
21662.0 0.907282
21663.0 0.907098
21664.0 0.906914
21665.0 0.906731
21666.0 0.906547
21667.0 0.906364
21668.0 0.906180
21669.0 0.905996
21670.0 0.905813
21671.0 0.905629
21672.0 0.905445
21673.0 0.905262
21674.0 0.905078
21675.0 0.904894
21676.0 0.904711
21677.0 0.904527
21678.0 0.904343
21679.0 0.904160
21680.0 0.903976
21681.0 0.903793
21682.0 0.903609
21683.0 0.903425
21684.0 0.903242
21685.0 0.903058
21686.0 0.902874
21687.0 0.902691
21688.0 0.902507
21689.0 0.902323
21690.0 0.902140
21691.0 0.901956
21692.0 0.901772
21693.0 0.901589
21694.0 0.901405
21695.0 0.901222
21696.0 0.901078
21697.0 0.901390
21698.0 0.901703
21699.0 0.902015
21700.0 0.902328
21701.0 0.902640
21702.0 0.902952
21703.0 0.903265
21704.0 0.903577
21705.0 0.903890
21706.0 0.904202
21707.0 0.904515
21708.0 0.904827
21709.0 0.905140
21710.0 0.905452
21711.0 0.905765
21712.0 0.906077
21713.0 0.906390
21714.0 0.906702
21715.0 0.907015
21716.0 0.907327
21717.0 0.907639
21718.0 0.907952
21719.0 0.908264
21720.0 0.908577
21721.0 0.908889
21722.0 0.909202
21723.0 0.909514
21724.0 0.909827
21725.0 0.910139
21726.0 0.910452
21727.0 0.910764
21728.0 0.911077
21729.0 0.911389
21730.0 0.911702
21731.0 0.912014
21732.0 0.912326
21733.0 0.912639
21734.0 0.912951
21735.0 0.913264
21736.0 0.913576
21737.0 0.913889
21738.0 0.914201
21739.0 0.914514
21740.0 0.914826
21741.0 0.915139
21742.0 0.915451
21743.0 0.915764
21744.0 0.916076
21745.0 0.916389
21746.0 0.916701
21747.0 0.917014
21748.0 0.917326
21749.0 0.917638
21750.0 0.917951
21751.0 0.918263
21752.0 0.918576
21753.0 0.918888
21754.0 0.919201
21755.0 0.919513
21756.0 0.919826
21757.0 0.920138
21758.0 0.920451
21759.0 0.920763
21760.0 0.921076
21761.0 0.921388
21762.0 0.921701
21763.0 0.922013
21764.0 0.922325
21765.0 0.922638
21766.0 0.922877
21767.0 0.921987
21768.0 0.921098
21769.0 0.920208
21770.0 0.919319
21771.0 0.918430
21772.0 0.917540
21773.0 0.916651
21774.0 0.915761
21775.0 0.914872
21776.0 0.913982
21777.0 0.913093
21778.0 0.912203
21779.0 0.911314
21780.0 0.910424
21781.0 0.909535
21782.0 0.908645
21783.0 0.907756
21784.0 0.906866
21785.0 0.905977
21786.0 0.905088
21787.0 0.904198
21788.0 0.903309
21789.0 0.902419
21790.0 0.901530
21791.0 0.900640
21792.0 0.899751
21793.0 0.898861
21794.0 0.897972
21795.0 0.897082
21796.0 0.896193
21797.0 0.895303
21798.0 0.894414
21799.0 0.893524
21800.0 0.892635
21801.0 0.891746
21802.0 0.890856
21803.0 0.889967
21804.0 0.889077
21805.0 0.888188
21806.0 0.887298
21807.0 0.886409
21808.0 0.885519
21809.0 0.884630
21810.0 0.883740
21811.0 0.882851
21812.0 0.881961
21813.0 0.881072
21814.0 0.880182
21815.0 0.879293
21816.0 0.878404
21817.0 0.877514
21818.0 0.876625
21819.0 0.875735
21820.0 0.874846
21821.0 0.873956
21822.0 0.873067
21823.0 0.872177
21824.0 0.871288
21825.0 0.870398
21826.0 0.869509
21827.0 0.868619
21828.0 0.867730
21829.0 0.866840
21830.0 0.865951
21831.0 0.865062
21832.0 0.864172
21833.0 0.863283
21834.0 0.862393
21835.0 0.861504
21836.0 0.860614
21837.0 0.859725
21838.0 0.858835
21839.0 0.857946
21840.0 0.857056
21841.0 0.856167
21842.0 0.855277
21843.0 0.854388
21844.0 0.853499
21845.0 0.852609
21846.0 0.851720
21847.0 0.850830
21848.0 0.849941
21849.0 0.849051
21850.0 0.848162
21851.0 0.847272
21852.0 0.846383
21853.0 0.845493
21854.0 0.844604
21855.0 0.843714
21856.0 0.842889
21857.0 0.843748
21858.0 0.844607
21859.0 0.845466
21860.0 0.846325
21861.0 0.847184
21862.0 0.848043
21863.0 0.848902
21864.0 0.849761
21865.0 0.850620
21866.0 0.851479
21867.0 0.852338
21868.0 0.853197
21869.0 0.854056
21870.0 0.854915
21871.0 0.855774
21872.0 0.856633
21873.0 0.857493
21874.0 0.858352
21875.0 0.859211
21876.0 0.860070
21877.0 0.860929
21878.0 0.861788
21879.0 0.862647
21880.0 0.863506
21881.0 0.864365
21882.0 0.865224
21883.0 0.866083
21884.0 0.866942
21885.0 0.867801
21886.0 0.868660
21887.0 0.869519
21888.0 0.870378
21889.0 0.871237
21890.0 0.872096
21891.0 0.872955
21892.0 0.873814
21893.0 0.874673
21894.0 0.875532
21895.0 0.876391
21896.0 0.877250
21897.0 0.878109
21898.0 0.878968
21899.0 0.879827
21900.0 0.880686
21901.0 0.881545
21902.0 0.882404
21903.0 0.883263
21904.0 0.884122
21905.0 0.884981
21906.0 0.885840
21907.0 0.886700
21908.0 0.887559
21909.0 0.888418
21910.0 0.889277
21911.0 0.890136
21912.0 0.890995
21913.0 0.891854
21914.0 0.892713
21915.0 0.893572
21916.0 0.894431
21917.0 0.895290
21918.0 0.896149
21919.0 0.897008
21920.0 0.897867
21921.0 0.898726
21922.0 0.899585
21923.0 0.900444
21924.0 0.901303
21925.0 0.902162
21926.0 0.903021
21927.0 0.903880
21928.0 0.904739
21929.0 0.905598
21930.0 0.906457
21931.0 0.907316
21932.0 0.908175
21933.0 0.909034
21934.0 0.909893
21935.0 0.910752
21936.0 0.911611
21937.0 0.912470
21938.0 0.913329
21939.0 0.914188
21940.0 0.915047
21941.0 0.915906
21942.0 0.916766
21943.0 0.917625
21944.0 0.918484
21945.0 0.919343
21946.0 0.920202
21947.0 0.921061
21948.0 0.921920
21949.0 0.922779
21950.0 0.923638
21951.0 0.924497
21952.0 0.925356
21953.0 0.926215
21954.0 0.927074
21955.0 0.927933
21956.0 0.928792
21957.0 0.929651
21958.0 0.930510
21959.0 0.931369
21960.0 0.932228
21961.0 0.933087
21962.0 0.933946
21963.0 0.934805
21964.0 0.935664
21965.0 0.936523
21966.0 0.937382
21967.0 0.938241
21968.0 0.939100
21969.0 0.939959
21970.0 0.940818
21971.0 0.941677
21972.0 0.942536
21973.0 0.943395
21974.0 0.944254
21975.0 0.945113
21976.0 0.945970
21977.0 0.946284
21978.0 0.946598
21979.0 0.946911
21980.0 0.947225
21981.0 0.947539
21982.0 0.947852
21983.0 0.948166
21984.0 0.948480
21985.0 0.948793
21986.0 0.949107
21987.0 0.949421
21988.0 0.949734
21989.0 0.950048
21990.0 0.950362
21991.0 0.950675
21992.0 0.950989
21993.0 0.951303
21994.0 0.951616
21995.0 0.951930
21996.0 0.952244
21997.0 0.952557
21998.0 0.952871
21999.0 0.953185
22000.0 0.953498
22001.0 0.953812
22002.0 0.954126
22003.0 0.954439
22004.0 0.954753
22005.0 0.955067
22006.0 0.955380
22007.0 0.955694
22008.0 0.956008
22009.0 0.956321
22010.0 0.956635
22011.0 0.956949
22012.0 0.957262
22013.0 0.957576
22014.0 0.957890
22015.0 0.958203
22016.0 0.958517
22017.0 0.958831
22018.0 0.959145
22019.0 0.959458
22020.0 0.959772
22021.0 0.960086
22022.0 0.960399
22023.0 0.960713
22024.0 0.961027
22025.0 0.961340
22026.0 0.961654
22027.0 0.961968
22028.0 0.962281
22029.0 0.962595
22030.0 0.962909
22031.0 0.963222
22032.0 0.963536
22033.0 0.963850
22034.0 0.964163
22035.0 0.964477
22036.0 0.964791
22037.0 0.965104
22038.0 0.965418
22039.0 0.965732
22040.0 0.966045
22041.0 0.966359
22042.0 0.966673
22043.0 0.966986
22044.0 0.967300
22045.0 0.967614
22046.0 0.967927
22047.0 0.968241
22048.0 0.968555
22049.0 0.968868
22050.0 0.969182
22051.0 0.969496
22052.0 0.969809
22053.0 0.970123
22054.0 0.970437
22055.0 0.970750
22056.0 0.971064
22057.0 0.971378
22058.0 0.971691
22059.0 0.972005
22060.0 0.972319
22061.0 0.972632
22062.0 0.972946
22063.0 0.973260
22064.0 0.973573
22065.0 0.973887
22066.0 0.974201
22067.0 0.974514
22068.0 0.974828
22069.0 0.975142
22070.0 0.975455
22071.0 0.975769
22072.0 0.976083
22073.0 0.976396
22074.0 0.976710
22075.0 0.977024
22076.0 0.977337
22077.0 0.977651
22078.0 0.977965
22079.0 0.978278
22080.0 0.978592
22081.0 0.978906
22082.0 0.979219
22083.0 0.979533
22084.0 0.979847
22085.0 0.980160
22086.0 0.980474
22087.0 0.980630
22088.0 0.980781
22089.0 0.980932
22090.0 0.981083
22091.0 0.981235
22092.0 0.981386
22093.0 0.981537
22094.0 0.981688
22095.0 0.981839
22096.0 0.981991
22097.0 0.982142
22098.0 0.982293
22099.0 0.982444
22100.0 0.982596
22101.0 0.982747
22102.0 0.982898
22103.0 0.983049
22104.0 0.983201
22105.0 0.983352
22106.0 0.983503
22107.0 0.983654
22108.0 0.983806
22109.0 0.983957
22110.0 0.984108
22111.0 0.984259
22112.0 0.984411
22113.0 0.984562
22114.0 0.984713
22115.0 0.984864
22116.0 0.985015
22117.0 0.985167
22118.0 0.985318
22119.0 0.985469
22120.0 0.985620
22121.0 0.985772
22122.0 0.985923
22123.0 0.986074
22124.0 0.986225
22125.0 0.986377
22126.0 0.986528
22127.0 0.986679
22128.0 0.986830
22129.0 0.986982
22130.0 0.987133
22131.0 0.987284
22132.0 0.987435
22133.0 0.987586
22134.0 0.987738
22135.0 0.987889
22136.0 0.988040
22137.0 0.987986
22138.0 0.987923
22139.0 0.987860
22140.0 0.987798
22141.0 0.987735
22142.0 0.987672
22143.0 0.987609
22144.0 0.987547
22145.0 0.987484
22146.0 0.987421
22147.0 0.987358
22148.0 0.987296
22149.0 0.987233
22150.0 0.987170
22151.0 0.987107
22152.0 0.987045
22153.0 0.986982
22154.0 0.986919
22155.0 0.986856
22156.0 0.986794
22157.0 0.986731
22158.0 0.986668
22159.0 0.986605
22160.0 0.986543
22161.0 0.986480
22162.0 0.986417
22163.0 0.986354
22164.0 0.986292
22165.0 0.986229
22166.0 0.986166
22167.0 0.986103
22168.0 0.986041
22169.0 0.985978
22170.0 0.985915
22171.0 0.985852
22172.0 0.985790
22173.0 0.985727
22174.0 0.985664
22175.0 0.985601
22176.0 0.985539
22177.0 0.985476
22178.0 0.985413
22179.0 0.985350
22180.0 0.985288
22181.0 0.985225
22182.0 0.985162
22183.0 0.985099
22184.0 0.985037
22185.0 0.984974
22186.0 0.984911
22187.0 0.984772
22188.0 0.984628
22189.0 0.984484
22190.0 0.984340
22191.0 0.984197
22192.0 0.984053
22193.0 0.983909
22194.0 0.983765
22195.0 0.983622
22196.0 0.983478
22197.0 0.983334
22198.0 0.983190
22199.0 0.983047
22200.0 0.982903
22201.0 0.982759
22202.0 0.982615
22203.0 0.982472
22204.0 0.982328
22205.0 0.982184
22206.0 0.982040
22207.0 0.981897
22208.0 0.981753
22209.0 0.981609
22210.0 0.981465
22211.0 0.981322
22212.0 0.981178
22213.0 0.981034
22214.0 0.980890
22215.0 0.980747
22216.0 0.980603
22217.0 0.980459
22218.0 0.980315
22219.0 0.980171
22220.0 0.980028
22221.0 0.979884
22222.0 0.979740
22223.0 0.979596
22224.0 0.979453
22225.0 0.979309
22226.0 0.979165
22227.0 0.979021
22228.0 0.978878
22229.0 0.978734
22230.0 0.978590
22231.0 0.978446
22232.0 0.978303
22233.0 0.978159
22234.0 0.978015
22235.0 0.977871
22236.0 0.977728
22237.0 0.977584
22238.0 0.977440
22239.0 0.977296
22240.0 0.977153
22241.0 0.977009
22242.0 0.976865
22243.0 0.976721
22244.0 0.976578
22245.0 0.976434
22246.0 0.976290
22247.0 0.976146
22248.0 0.976003
22249.0 0.975859
22250.0 0.975715
22251.0 0.975571
22252.0 0.975427
22253.0 0.975284
22254.0 0.975140
22255.0 0.974996
22256.0 0.974852
22257.0 0.974709
22258.0 0.974565
22259.0 0.974421
22260.0 0.974277
22261.0 0.974134
22262.0 0.973990
22263.0 0.973846
22264.0 0.973702
22265.0 0.973559
22266.0 0.973415
22267.0 0.973271
22268.0 0.973127
22269.0 0.972984
22270.0 0.972840
22271.0 0.972696
22272.0 0.972552
22273.0 0.972409
22274.0 0.972265
22275.0 0.972121
22276.0 0.971977
22277.0 0.971834
22278.0 0.971690
22279.0 0.971546
22280.0 0.971402
22281.0 0.971259
22282.0 0.971115
22283.0 0.970971
22284.0 0.970827
22285.0 0.970684
22286.0 0.970540
22287.0 0.970396
22288.0 0.970252
22289.0 0.970108
22290.0 0.969965
22291.0 0.969821
22292.0 0.969677
22293.0 0.969533
22294.0 0.969390
22295.0 0.969246
22296.0 0.969102
22297.0 0.968958
22298.0 0.968815
22299.0 0.968671
22300.0 0.968527
22301.0 0.968383
22302.0 0.968240
22303.0 0.968096
22304.0 0.967952
22305.0 0.967808
22306.0 0.967665
22307.0 0.967521
22308.0 0.967377
22309.0 0.967233
22310.0 0.967090
22311.0 0.966946
22312.0 0.966802
22313.0 0.966658
22314.0 0.966515
22315.0 0.966371
22316.0 0.966227
22317.0 0.966083
22318.0 0.965940
22319.0 0.965796
22320.0 0.965652
22321.0 0.965508
22322.0 0.965365
22323.0 0.965221
22324.0 0.965077
22325.0 0.964933
22326.0 0.964789
22327.0 0.965085
22328.0 0.965424
22329.0 0.965764
22330.0 0.966103
22331.0 0.966443
22332.0 0.966782
22333.0 0.967121
22334.0 0.967461
22335.0 0.967800
22336.0 0.968140
22337.0 0.968479
22338.0 0.968819
22339.0 0.969158
22340.0 0.969497
22341.0 0.969837
22342.0 0.970176
22343.0 0.970516
22344.0 0.970855
22345.0 0.971195
22346.0 0.971534
22347.0 0.971873
22348.0 0.972213
22349.0 0.972552
22350.0 0.972892
22351.0 0.973231
22352.0 0.973571
22353.0 0.973910
22354.0 0.974249
22355.0 0.974589
22356.0 0.974928
22357.0 0.975268
22358.0 0.975607
22359.0 0.975947
22360.0 0.976286
22361.0 0.976625
22362.0 0.976965
22363.0 0.977304
22364.0 0.977644
22365.0 0.977983
22366.0 0.978323
22367.0 0.978662
22368.0 0.979001
22369.0 0.979341
22370.0 0.979680
22371.0 0.980020
22372.0 0.980359
22373.0 0.980699
22374.0 0.981038
22375.0 0.981377
22376.0 0.981717
22377.0 0.981767
22378.0 0.981784
22379.0 0.981800
22380.0 0.981817
22381.0 0.981833
22382.0 0.981850
22383.0 0.981866
22384.0 0.981883
22385.0 0.981899
22386.0 0.981916
22387.0 0.981932
22388.0 0.981949
22389.0 0.981965
22390.0 0.981982
22391.0 0.981998
22392.0 0.982015
22393.0 0.982031
22394.0 0.982048
22395.0 0.982064
22396.0 0.982081
22397.0 0.982097
22398.0 0.982114
22399.0 0.982130
22400.0 0.982147
22401.0 0.982163
22402.0 0.982180
22403.0 0.982196
22404.0 0.982213
22405.0 0.982229
22406.0 0.982246
22407.0 0.982262
22408.0 0.982279
22409.0 0.982295
22410.0 0.982312
22411.0 0.982328
22412.0 0.982345
22413.0 0.982361
22414.0 0.982378
22415.0 0.982394
22416.0 0.982411
22417.0 0.982427
22418.0 0.982444
22419.0 0.982460
22420.0 0.982477
22421.0 0.982493
22422.0 0.982510
22423.0 0.982527
22424.0 0.982543
22425.0 0.982560
22426.0 0.982576
22427.0 0.982593
22428.0 0.982609
22429.0 0.982626
22430.0 0.982642
22431.0 0.982659
22432.0 0.982675
22433.0 0.982692
22434.0 0.982708
22435.0 0.982725
22436.0 0.982741
22437.0 0.982758
22438.0 0.982774
22439.0 0.982791
22440.0 0.982807
22441.0 0.982824
22442.0 0.982840
22443.0 0.982857
22444.0 0.982873
22445.0 0.982890
22446.0 0.982906
22447.0 0.982923
22448.0 0.982939
22449.0 0.982956
22450.0 0.982972
22451.0 0.982989
22452.0 0.983005
22453.0 0.983022
22454.0 0.983038
22455.0 0.983055
22456.0 0.983071
22457.0 0.983088
22458.0 0.983104
22459.0 0.983121
22460.0 0.983137
22461.0 0.983154
22462.0 0.983170
22463.0 0.983187
22464.0 0.983203
22465.0 0.983220
22466.0 0.983236
22467.0 0.983253
22468.0 0.983269
22469.0 0.983286
22470.0 0.983302
22471.0 0.983319
22472.0 0.983335
22473.0 0.983352
22474.0 0.983368
22475.0 0.983385
22476.0 0.983401
22477.0 0.983418
22478.0 0.983434
22479.0 0.983451
22480.0 0.983467
22481.0 0.983484
22482.0 0.983500
22483.0 0.983517
22484.0 0.983533
22485.0 0.983550
22486.0 0.983566
22487.0 0.983329
22488.0 0.983053
22489.0 0.982776
22490.0 0.982499
22491.0 0.982223
22492.0 0.981946
22493.0 0.981670
22494.0 0.981393
22495.0 0.981116
22496.0 0.980840
22497.0 0.980563
22498.0 0.980287
22499.0 0.980010
22500.0 0.979733
22501.0 0.979457
22502.0 0.979180
22503.0 0.978903
22504.0 0.978627
22505.0 0.978350
22506.0 0.978074
22507.0 0.977797
22508.0 0.977520
22509.0 0.977244
22510.0 0.976967
22511.0 0.976690
22512.0 0.976414
22513.0 0.976137
22514.0 0.975861
22515.0 0.975584
22516.0 0.975307
22517.0 0.975031
22518.0 0.974754
22519.0 0.974477
22520.0 0.974201
22521.0 0.973924
22522.0 0.973648
22523.0 0.973371
22524.0 0.973094
22525.0 0.972818
22526.0 0.972541
22527.0 0.972264
22528.0 0.971988
22529.0 0.971711
22530.0 0.971435
22531.0 0.971158
22532.0 0.970881
22533.0 0.970605
22534.0 0.970328
22535.0 0.970052
22536.0 0.969775
22537.0 0.969498
22538.0 0.969222
22539.0 0.968945
22540.0 0.968668
22541.0 0.968392
22542.0 0.968115
22543.0 0.967839
22544.0 0.967562
22545.0 0.967285
22546.0 0.967009
22547.0 0.966732
22548.0 0.966455
22549.0 0.966179
22550.0 0.965902
22551.0 0.965626
22552.0 0.965349
22553.0 0.965072
22554.0 0.964796
22555.0 0.964519
22556.0 0.964242
22557.0 0.963966
22558.0 0.963689
22559.0 0.963413
22560.0 0.963136
22561.0 0.962859
22562.0 0.962583
22563.0 0.962306
22564.0 0.962030
22565.0 0.961753
22566.0 0.961476
22567.0 0.961811
22568.0 0.962258
22569.0 0.962706
22570.0 0.963154
22571.0 0.963601
22572.0 0.964049
22573.0 0.964497
22574.0 0.964944
22575.0 0.965392
22576.0 0.965840
22577.0 0.966287
22578.0 0.966735
22579.0 0.967183
22580.0 0.967630
22581.0 0.968078
22582.0 0.968526
22583.0 0.968973
22584.0 0.969421
22585.0 0.969869
22586.0 0.970316
22587.0 0.970764
22588.0 0.971212
22589.0 0.971660
22590.0 0.972107
22591.0 0.972555
22592.0 0.973003
22593.0 0.973450
22594.0 0.973898
22595.0 0.974346
22596.0 0.974793
22597.0 0.975241
22598.0 0.975689
22599.0 0.976136
22600.0 0.976584
22601.0 0.977032
22602.0 0.977479
22603.0 0.977927
22604.0 0.978375
22605.0 0.978822
22606.0 0.979270
22607.0 0.979921
22608.0 0.980614
22609.0 0.981306
22610.0 0.981999
22611.0 0.982691
22612.0 0.983383
22613.0 0.984076
22614.0 0.984768
22615.0 0.985460
22616.0 0.986153
22617.0 0.986845
22618.0 0.987537
22619.0 0.988230
22620.0 0.988922
22621.0 0.989615
22622.0 0.990307
22623.0 0.990999
22624.0 0.991692
22625.0 0.992384
22626.0 0.993076
22627.0 0.993769
22628.0 0.994461
22629.0 0.995153
22630.0 0.995846
22631.0 0.996538
22632.0 0.997231
22633.0 0.997923
22634.0 0.998615
22635.0 0.999308
22636.0 1.000000
22637.0 0.998604
22638.0 0.996763
22639.0 0.994921
22640.0 0.993080
22641.0 0.991239
22642.0 0.989397
22643.0 0.987556
22644.0 0.985715
22645.0 0.983873
22646.0 0.982032
22647.0 0.980191
22648.0 0.978349
22649.0 0.976508
22650.0 0.974667
22651.0 0.972825
22652.0 0.970984
22653.0 0.969143
22654.0 0.967301
22655.0 0.965460
22656.0 0.963619
22657.0 0.963580
22658.0 0.963941
22659.0 0.964301
22660.0 0.964662
22661.0 0.965022
22662.0 0.965383
22663.0 0.965743
22664.0 0.966103
22665.0 0.966464
22666.0 0.966824
22667.0 0.967185
22668.0 0.967545
22669.0 0.967906
22670.0 0.968266
22671.0 0.968627
22672.0 0.968987
22673.0 0.969347
22674.0 0.969708
22675.0 0.970068
22676.0 0.970429
22677.0 0.970789
22678.0 0.971150
22679.0 0.971510
22680.0 0.971871
22681.0 0.972231
22682.0 0.972591
22683.0 0.972952
22684.0 0.973312
22685.0 0.973673
22686.0 0.974033
22687.0 0.974394
22688.0 0.974754
22689.0 0.975115
22690.0 0.975475
22691.0 0.975835
22692.0 0.976196
22693.0 0.976556
22694.0 0.976917
22695.0 0.977277
22696.0 0.977638
22697.0 0.977998
22698.0 0.978359
22699.0 0.978719
22700.0 0.979079
22701.0 0.979440
22702.0 0.979800
22703.0 0.980161
22704.0 0.980521
22705.0 0.980882
22706.0 0.981242
22707.0 0.980784
22708.0 0.980128
22709.0 0.979472
22710.0 0.978816
22711.0 0.978159
22712.0 0.977503
22713.0 0.976847
22714.0 0.976191
22715.0 0.975535
22716.0 0.974879
22717.0 0.974223
22718.0 0.973566
22719.0 0.972910
22720.0 0.972254
22721.0 0.971598
22722.0 0.970942
22723.0 0.970286
22724.0 0.969629
22725.0 0.968973
22726.0 0.968317
22727.0 0.967043
22728.0 0.965614
22729.0 0.964184
22730.0 0.962755
22731.0 0.961326
22732.0 0.959897
22733.0 0.958468
22734.0 0.957038
22735.0 0.955609
22736.0 0.954180
22737.0 0.952751
22738.0 0.951322
22739.0 0.949893
22740.0 0.948463
22741.0 0.947034
22742.0 0.945605
22743.0 0.944176
22744.0 0.942747
22745.0 0.941317
22746.0 0.939888
22747.0 0.938459
22748.0 0.937030
22749.0 0.935601
22750.0 0.934171
22751.0 0.932742
22752.0 0.931313
22753.0 0.929884
22754.0 0.928455
22755.0 0.927026
22756.0 0.925596
22757.0 0.924167
22758.0 0.922738
22759.0 0.921309
22760.0 0.919880
22761.0 0.918450
22762.0 0.917021
22763.0 0.915592
22764.0 0.914163
22765.0 0.912734
22766.0 0.911305
22767.0 0.916622
22768.0 0.923746
22769.0 0.930869
22770.0 0.937992
22771.0 0.945116
22772.0 0.952239
22773.0 0.959362
22774.0 0.966486
22775.0 0.973609
22776.0 0.980732
22777.0 0.980437
22778.0 0.978124
22779.0 0.975811
22780.0 0.973498
22781.0 0.971186
22782.0 0.968873
22783.0 0.966560
22784.0 0.964247
22785.0 0.961934
22786.0 0.959621
22787.0 0.957308
22788.0 0.954995
22789.0 0.952682
22790.0 0.950369
22791.0 0.948057
22792.0 0.945744
22793.0 0.943431
22794.0 0.941118
22795.0 0.938805
22796.0 0.936492
22797.0 0.934179
22798.0 0.931866
22799.0 0.929553
22800.0 0.927240
22801.0 0.924928
22802.0 0.922615
22803.0 0.920302
22804.0 0.917989
22805.0 0.915676
22806.0 0.913363
22807.0 0.911050
22808.0 0.908737
22809.0 0.906424
22810.0 0.904111
22811.0 0.901799
22812.0 0.899486
22813.0 0.897173
22814.0 0.894860
22815.0 0.892547
22816.0 0.890234
22817.0 0.889770
22818.0 0.889842
22819.0 0.889914
22820.0 0.889986
22821.0 0.890058
22822.0 0.890130
22823.0 0.890202
22824.0 0.890274
22825.0 0.890346
22826.0 0.890418
22827.0 0.890490
22828.0 0.890562
22829.0 0.890634
22830.0 0.890706
22831.0 0.890778
22832.0 0.890850
22833.0 0.890922
22834.0 0.890994
22835.0 0.891066
22836.0 0.891138
22837.0 0.891210
22838.0 0.891282
22839.0 0.891354
22840.0 0.891426
22841.0 0.891498
22842.0 0.891570
22843.0 0.891642
22844.0 0.891714
22845.0 0.891786
22846.0 0.891858
22847.0 0.893816
22848.0 0.896346
22849.0 0.898876
22850.0 0.901406
22851.0 0.903937
22852.0 0.906467
22853.0 0.908997
22854.0 0.911528
22855.0 0.914058
22856.0 0.916588
22857.0 0.919119
22858.0 0.921649
22859.0 0.924179
22860.0 0.926710
22861.0 0.929240
22862.0 0.931770
22863.0 0.934301
22864.0 0.936831
22865.0 0.939361
22866.0 0.941892
22867.0 0.940942
22868.0 0.938903
22869.0 0.936864
22870.0 0.934825
22871.0 0.932787
22872.0 0.930748
22873.0 0.928709
22874.0 0.926670
22875.0 0.924631
22876.0 0.922592
22877.0 0.920554
22878.0 0.918515
22879.0 0.916476
22880.0 0.914437
22881.0 0.912398
22882.0 0.910360
22883.0 0.908321
22884.0 0.906282
22885.0 0.904243
22886.0 0.902204
22887.0 0.900166
22888.0 0.898127
22889.0 0.896088
22890.0 0.894049
22891.0 0.892010
22892.0 0.889971
22893.0 0.887933
22894.0 0.885894
22895.0 0.883855
22896.0 0.881816
22897.0 0.879777
22898.0 0.877739
22899.0 0.875700
22900.0 0.873661
22901.0 0.871622
22902.0 0.869583
22903.0 0.867545
22904.0 0.865506
22905.0 0.863467
22906.0 0.861428
22907.0 0.859389
22908.0 0.857350
22909.0 0.855312
22910.0 0.853273
22911.0 0.851234
22912.0 0.849195
22913.0 0.847156
22914.0 0.845118
22915.0 0.843079
22916.0 0.841040
22917.0 0.839173
22918.0 0.837364
22919.0 0.835555
22920.0 0.833746
22921.0 0.831937
22922.0 0.830128
22923.0 0.828319
22924.0 0.826510
22925.0 0.824701
22926.0 0.822892
22927.0 0.821083
22928.0 0.819274
22929.0 0.817465
22930.0 0.815656
22931.0 0.813847
22932.0 0.812038
22933.0 0.810229
22934.0 0.808420
22935.0 0.806611
22936.0 0.804802
22937.0 0.800752
22938.0 0.795924
22939.0 0.791096
22940.0 0.786269
22941.0 0.781441
22942.0 0.776613
22943.0 0.771785
22944.0 0.766958
22945.0 0.762130
22946.0 0.757302
22947.0 0.752475
22948.0 0.747647
22949.0 0.742819
22950.0 0.737991
22951.0 0.733164
22952.0 0.728336
22953.0 0.723508
22954.0 0.718681
22955.0 0.713853
22956.0 0.709025
22957.0 0.705912
22958.0 0.703409
22959.0 0.700907
22960.0 0.698405
22961.0 0.695903
22962.0 0.693401
22963.0 0.690899
22964.0 0.688396
22965.0 0.685894
22966.0 0.683392
22967.0 0.680890
22968.0 0.678388
22969.0 0.675886
22970.0 0.673383
22971.0 0.670881
22972.0 0.668379
22973.0 0.665877
22974.0 0.663375
22975.0 0.660873
22976.0 0.658370
22977.0 0.654155
22978.0 0.649312
22979.0 0.644468
22980.0 0.639625
22981.0 0.634781
22982.0 0.629938
22983.0 0.625095
22984.0 0.620251
22985.0 0.615408
22986.0 0.610564
22987.0 0.605721
22988.0 0.600877
22989.0 0.596034
22990.0 0.591191
22991.0 0.586347
22992.0 0.581504
22993.0 0.576660
22994.0 0.571817
22995.0 0.566973
22996.0 0.562130
22997.0 0.559590
22998.0 0.557917
22999.0 0.556245
23000.0 0.554573
23001.0 0.552900
23002.0 0.551228
23003.0 0.549555
23004.0 0.547883
23005.0 0.546211
23006.0 0.544538
23007.0 0.542866
23008.0 0.541194
23009.0 0.539521
23010.0 0.537849
23011.0 0.536177
23012.0 0.534504
23013.0 0.532832
23014.0 0.531159
23015.0 0.529487
23016.0 0.527815
23017.0 0.526142
23018.0 0.524470
23019.0 0.522798
23020.0 0.521125
23021.0 0.519453
23022.0 0.517781
23023.0 0.516108
23024.0 0.514436
23025.0 0.512764
23026.0 0.511091
23027.0 0.509419
23028.0 0.507746
23029.0 0.506074
23030.0 0.504402
23031.0 0.502729
23032.0 0.501057
23033.0 0.499385
23034.0 0.497712
23035.0 0.496040
23036.0 0.494368
23037.0 0.492695
23038.0 0.491023
23039.0 0.489350
23040.0 0.487678
23041.0 0.486006
23042.0 0.484333
23043.0 0.482661
23044.0 0.480989
23045.0 0.479316
23046.0 0.477644
23047.0 0.475972
23048.0 0.474299
23049.0 0.472627
23050.0 0.470954
23051.0 0.469282
23052.0 0.467610
23053.0 0.465937
23054.0 0.464265
23055.0 0.462593
23056.0 0.460920
23057.0 0.459248
23058.0 0.457576
23059.0 0.455903
23060.0 0.454231
23061.0 0.452558
23062.0 0.450886
23063.0 0.449214
23064.0 0.447541
23065.0 0.445869
23066.0 0.444197
23067.0 0.442358
23068.0 0.440450
23069.0 0.438542
23070.0 0.436634
23071.0 0.434726
23072.0 0.432818
23073.0 0.430910
23074.0 0.429002
23075.0 0.427094
23076.0 0.425186
23077.0 0.423278
23078.0 0.421370
23079.0 0.419462
23080.0 0.417554
23081.0 0.415646
23082.0 0.413738
23083.0 0.411830
23084.0 0.409922
23085.0 0.408014
23086.0 0.406106
23087.0 0.404198
23088.0 0.402290
23089.0 0.400382
23090.0 0.398474
23091.0 0.396566
23092.0 0.394658
23093.0 0.392750
23094.0 0.390842
23095.0 0.388934
23096.0 0.387026
23097.0 0.385118
23098.0 0.383210
23099.0 0.381302
23100.0 0.379394
23101.0 0.377486
23102.0 0.375578
23103.0 0.373670
23104.0 0.371762
23105.0 0.369854
23106.0 0.367946
23107.0 0.366038
23108.0 0.364130
23109.0 0.362222
23110.0 0.360314
23111.0 0.358406
23112.0 0.356498
23113.0 0.354590
23114.0 0.352682
23115.0 0.350774
23116.0 0.348866
23117.0 0.346645
23118.0 0.344285
23119.0 0.341925
23120.0 0.339565
23121.0 0.337205
23122.0 0.334845
23123.0 0.332485
23124.0 0.330126
23125.0 0.327766
23126.0 0.325406
23127.0 0.323046
23128.0 0.320686
23129.0 0.318326
23130.0 0.315966
23131.0 0.313607
23132.0 0.311247
23133.0 0.308887
23134.0 0.306527
23135.0 0.304167
23136.0 0.301807
23137.0 0.299447
23138.0 0.297087
23139.0 0.294728
23140.0 0.292368
23141.0 0.290008
23142.0 0.287648
23143.0 0.285288
23144.0 0.282928
23145.0 0.280568
23146.0 0.278209
23147.0 0.275849
23148.0 0.273489
23149.0 0.271129
23150.0 0.268769
23151.0 0.266409
23152.0 0.264049
23153.0 0.261689
23154.0 0.259330
23155.0 0.256970
23156.0 0.254610
23157.0 0.252250
23158.0 0.249890
23159.0 0.247530
23160.0 0.245170
23161.0 0.242811
23162.0 0.240451
23163.0 0.238091
23164.0 0.235731
23165.0 0.233371
23166.0 0.231011
23167.0 0.229107
23168.0 0.227416
23169.0 0.225725
23170.0 0.224035
23171.0 0.222344
23172.0 0.220654
23173.0 0.218963
23174.0 0.217273
23175.0 0.215582
23176.0 0.213892
23177.0 0.212201
23178.0 0.210511
23179.0 0.208820
23180.0 0.207130
23181.0 0.205439
23182.0 0.203749
23183.0 0.202058
23184.0 0.200368
23185.0 0.198677
23186.0 0.196987
23187.0 0.195296
23188.0 0.193606
23189.0 0.191915
23190.0 0.190225
23191.0 0.188534
23192.0 0.186844
23193.0 0.185153
23194.0 0.183462
23195.0 0.181772
23196.0 0.180081
23197.0 0.178391
23198.0 0.176700
23199.0 0.175010
23200.0 0.173319
23201.0 0.171629
23202.0 0.169938
23203.0 0.168248
23204.0 0.166557
23205.0 0.164867
23206.0 0.163176
23207.0 0.162260
23208.0 0.161728
23209.0 0.161195
23210.0 0.160663
23211.0 0.160130
23212.0 0.159598
23213.0 0.159065
23214.0 0.158533
23215.0 0.158000
23216.0 0.157468
23217.0 0.156935
23218.0 0.156403
23219.0 0.155870
23220.0 0.155338
23221.0 0.154805
23222.0 0.154273
23223.0 0.153740
23224.0 0.153208
23225.0 0.152675
23226.0 0.152143
23227.0 0.151610
23228.0 0.151078
23229.0 0.150545
23230.0 0.150013
23231.0 0.149480
23232.0 0.148947
23233.0 0.148415
23234.0 0.147882
23235.0 0.147350
23236.0 0.146817
23237.0 0.146285
23238.0 0.145752
23239.0 0.145220
23240.0 0.144687
23241.0 0.144155
23242.0 0.143622
23243.0 0.143090
23244.0 0.142557
23245.0 0.142025
23246.0 0.141492
23247.0 0.140960
23248.0 0.140427
23249.0 0.139895
23250.0 0.139362
23251.0 0.138830
23252.0 0.138297
23253.0 0.137765
23254.0 0.137232
23255.0 0.136700
23256.0 0.136167
23257.0 0.135025
23258.0 0.133563
23259.0 0.132101
23260.0 0.130639
23261.0 0.129178
23262.0 0.127716
23263.0 0.126254
23264.0 0.124792
23265.0 0.123330
23266.0 0.121868
23267.0 0.120406
23268.0 0.118944
23269.0 0.117482
23270.0 0.116020
23271.0 0.114558
23272.0 0.113096
23273.0 0.111634
23274.0 0.110172
23275.0 0.108710
23276.0 0.107248
23277.0 0.105786
23278.0 0.104324
23279.0 0.102863
23280.0 0.101401
23281.0 0.099939
23282.0 0.098477
23283.0 0.097015
23284.0 0.095553
23285.0 0.094091
23286.0 0.092629
23287.0 0.091839
23288.0 0.091414
23289.0 0.090990
23290.0 0.090565
23291.0 0.090141
23292.0 0.089717
23293.0 0.089292
23294.0 0.088868
23295.0 0.088443
23296.0 0.088019
23297.0 0.087595
23298.0 0.087170
23299.0 0.086746
23300.0 0.086321
23301.0 0.085897
23302.0 0.085473
23303.0 0.085048
23304.0 0.084624
23305.0 0.084200
23306.0 0.083775
23307.0 0.083351
23308.0 0.082926
23309.0 0.082502
23310.0 0.082078
23311.0 0.081653
23312.0 0.081229
23313.0 0.080804
23314.0 0.080380
23315.0 0.079956
23316.0 0.079531
23317.0 0.079107
23318.0 0.078682
23319.0 0.078258
23320.0 0.077834
23321.0 0.077409
23322.0 0.076985
23323.0 0.076560
23324.0 0.076136
23325.0 0.075712
23326.0 0.075287
23327.0 0.074863
23328.0 0.074438
23329.0 0.074014
23330.0 0.073590
23331.0 0.073165
23332.0 0.072741
23333.0 0.072317
23334.0 0.071892
23335.0 0.071468
23336.0 0.071043
23337.0 0.070619
23338.0 0.070195
23339.0 0.069770
23340.0 0.069346
23341.0 0.068921
23342.0 0.068497
23343.0 0.068073
23344.0 0.067648
23345.0 0.067224
23346.0 0.066799
23347.0 0.066375
23348.0 0.065951
23349.0 0.065526
23350.0 0.065102
23351.0 0.064677
23352.0 0.064253
23353.0 0.063829
23354.0 0.063404
23355.0 0.062980
23356.0 0.062555
23357.0 0.062095
23358.0 0.061612
23359.0 0.061130
23360.0 0.060648
23361.0 0.060165
23362.0 0.059683
23363.0 0.059200
23364.0 0.058718
23365.0 0.058236
23366.0 0.057753
23367.0 0.057271
23368.0 0.056789
23369.0 0.056306
23370.0 0.055824
23371.0 0.055342
23372.0 0.054859
23373.0 0.054377
23374.0 0.053894
23375.0 0.053412
23376.0 0.052930
23377.0 0.052447
23378.0 0.051965
23379.0 0.051483
23380.0 0.051000
23381.0 0.050518
23382.0 0.050036
23383.0 0.049553
23384.0 0.049071
23385.0 0.048588
23386.0 0.048106
23387.0 0.047624
23388.0 0.047141
23389.0 0.046659
23390.0 0.046177
23391.0 0.045694
23392.0 0.045212
23393.0 0.044730
23394.0 0.044247
23395.0 0.043765
23396.0 0.043282
23397.0 0.042985
23398.0 0.042803
23399.0 0.042621
23400.0 0.042439
23401.0 0.042257
23402.0 0.042074
23403.0 0.041892
23404.0 0.041710
23405.0 0.041528
23406.0 0.041346
23407.0 0.041163
23408.0 0.040981
23409.0 0.040799
23410.0 0.040617
23411.0 0.040435
23412.0 0.040252
23413.0 0.040070
23414.0 0.039888
23415.0 0.039706
23416.0 0.039524
23417.0 0.039341
23418.0 0.039159
23419.0 0.038977
23420.0 0.038795
23421.0 0.038613
23422.0 0.038430
23423.0 0.038248
23424.0 0.038066
23425.0 0.037884
23426.0 0.037702
23427.0 0.037519
23428.0 0.037337
23429.0 0.037155
23430.0 0.036973
23431.0 0.036791
23432.0 0.036608
23433.0 0.036426
23434.0 0.036244
23435.0 0.036062
23436.0 0.035880
23437.0 0.035698
23438.0 0.035515
23439.0 0.035333
23440.0 0.035151
23441.0 0.034969
23442.0 0.034787
23443.0 0.034604
23444.0 0.034422
23445.0 0.034240
23446.0 0.034058
23447.0 0.033894
23448.0 0.033743
23449.0 0.033592
23450.0 0.033440
23451.0 0.033289
23452.0 0.033138
23453.0 0.032986
23454.0 0.032835
23455.0 0.032684
23456.0 0.032532
23457.0 0.032381
23458.0 0.032230
23459.0 0.032078
23460.0 0.031927
23461.0 0.031776
23462.0 0.031624
23463.0 0.031473
23464.0 0.031322
23465.0 0.031170
23466.0 0.031019
23467.0 0.030768
23468.0 0.030449
23469.0 0.030129
23470.0 0.029810
23471.0 0.029491
23472.0 0.029172
23473.0 0.028853
23474.0 0.028534
23475.0 0.028215
23476.0 0.027896
23477.0 0.027577
23478.0 0.027258
23479.0 0.026939
23480.0 0.026620
23481.0 0.026301
23482.0 0.025982
23483.0 0.025663
23484.0 0.025344
23485.0 0.025025
23486.0 0.024706
23487.0 0.024387
23488.0 0.024068
23489.0 0.023749
23490.0 0.023430
23491.0 0.023111
23492.0 0.022792
23493.0 0.022473
23494.0 0.022154
23495.0 0.021835
23496.0 0.021516
23497.0 0.021197
23498.0 0.020878
23499.0 0.020559
23500.0 0.020240
23501.0 0.019921
23502.0 0.019602
23503.0 0.019283
23504.0 0.018964
23505.0 0.018645
23506.0 0.018326
23507.0 0.018007
23508.0 0.017688
23509.0 0.017369
23510.0 0.017050
23511.0 0.016731
23512.0 0.016412
23513.0 0.016093
23514.0 0.015774
23515.0 0.015455
23516.0 0.015136
23517.0 0.014817
23518.0 0.014498
23519.0 0.014179
23520.0 0.013860
23521.0 0.013541
23522.0 0.013222
23523.0 0.012903
23524.0 0.012584
23525.0 0.012265
23526.0 0.011946
23527.0 0.011780
23528.0 0.011725
23529.0 0.011670
23530.0 0.011615
23531.0 0.011559
23532.0 0.011504
23533.0 0.011449
23534.0 0.011393
23535.0 0.011338
23536.0 0.011283
23537.0 0.011227
23538.0 0.011172
23539.0 0.011117
23540.0 0.011061
23541.0 0.011006
23542.0 0.010951
23543.0 0.010895
23544.0 0.010840
23545.0 0.010785
23546.0 0.010730
23547.0 0.010674
23548.0 0.010619
23549.0 0.010564
23550.0 0.010508
23551.0 0.010453
23552.0 0.010398
23553.0 0.010342
23554.0 0.010287
23555.0 0.010232
23556.0 0.010176
23557.0 0.010121
23558.0 0.010066
23559.0 0.010011
23560.0 0.009955
23561.0 0.009900
23562.0 0.009845
23563.0 0.009789
23564.0 0.009734
23565.0 0.009679
23566.0 0.009623
23567.0 0.009568
23568.0 0.009513
23569.0 0.009457
23570.0 0.009402
23571.0 0.009347
23572.0 0.009292
23573.0 0.009236
23574.0 0.009181
23575.0 0.009126
23576.0 0.009070
23577.0 0.009015
23578.0 0.008960
23579.0 0.008904
23580.0 0.008849
23581.0 0.008794
23582.0 0.008738
23583.0 0.008683
23584.0 0.008628
23585.0 0.008573
23586.0 0.008517
23587.0 0.008462
23588.0 0.008407
23589.0 0.008351
23590.0 0.008296
23591.0 0.008241
23592.0 0.008185
23593.0 0.008130
23594.0 0.008075
23595.0 0.008019
23596.0 0.007964
23597.0 0.007909
23598.0 0.007853
23599.0 0.007798
23600.0 0.007743
23601.0 0.007688
23602.0 0.007632
23603.0 0.007577
23604.0 0.007522
23605.0 0.007466
23606.0 0.007411
23607.0 0.007356
23608.0 0.007300
23609.0 0.007245
23610.0 0.007190
23611.0 0.007134
23612.0 0.007079
23613.0 0.007024
23614.0 0.006969
23615.0 0.006913
23616.0 0.006858
23617.0 0.006664
23618.0 0.006360
23619.0 0.006056
23620.0 0.005751
23621.0 0.005447
23622.0 0.005143
23623.0 0.004839
23624.0 0.004535
23625.0 0.004231
23626.0 0.003926
23627.0 0.003622
23628.0 0.003318
23629.0 0.003014
23630.0 0.002710
23631.0 0.002406
23632.0 0.002102
23633.0 0.001797
23634.0 0.001493
23635.0 0.001189
23636.0 0.000885
23637.0 0.000766
23638.0 0.000798
23639.0 0.000831
23640.0 0.000863
23641.0 0.000895
23642.0 0.000927
23643.0 0.000959
23644.0 0.000991
23645.0 0.001023
23646.0 0.001055
23647.0 0.001087
23648.0 0.001119
23649.0 0.001151
23650.0 0.001184
23651.0 0.001216
23652.0 0.001248
23653.0 0.001280
23654.0 0.001312
23655.0 0.001344
23656.0 0.001376
23657.0 0.001408
23658.0 0.001440
23659.0 0.001472
23660.0 0.001505
23661.0 0.001537
23662.0 0.001569
23663.0 0.001601
23664.0 0.001633
23665.0 0.001665
23666.0 0.001697
23667.0 0.001729
23668.0 0.001761
23669.0 0.001793
23670.0 0.001825
23671.0 0.001858
23672.0 0.001890
23673.0 0.001922
23674.0 0.001954
23675.0 0.001986
23676.0 0.002018
23677.0 0.002050
23678.0 0.002082
23679.0 0.002114
23680.0 0.002146
23681.0 0.002179
23682.0 0.002211
23683.0 0.002243
23684.0 0.002275
23685.0 0.002307
23686.0 0.002339
23687.0 0.002371
23688.0 0.002403
23689.0 0.002435
23690.0 0.002467
23691.0 0.002499
23692.0 0.002532
23693.0 0.002564
23694.0 0.002596
23695.0 0.002628
23696.0 0.002660
23697.0 0.002692
23698.0 0.002724
23699.0 0.002756
23700.0 0.002788
23701.0 0.002820
23702.0 0.002853
23703.0 0.002885
23704.0 0.002917
23705.0 0.002949
23706.0 0.002981
23707.0 0.002986
23708.0 0.002968
23709.0 0.002950
23710.0 0.002932
23711.0 0.002914
23712.0 0.002896
23713.0 0.002878
23714.0 0.002861
23715.0 0.002843
23716.0 0.002825
23717.0 0.002807
23718.0 0.002789
23719.0 0.002771
23720.0 0.002753
23721.0 0.002735
23722.0 0.002717
23723.0 0.002699
23724.0 0.002681
23725.0 0.002663
23726.0 0.002645
23727.0 0.002627
23728.0 0.002609
23729.0 0.002591
23730.0 0.002573
23731.0 0.002555
23732.0 0.002537
23733.0 0.002519
23734.0 0.002501
23735.0 0.002483
23736.0 0.002465
23737.0 0.002447
23738.0 0.002429
23739.0 0.002411
23740.0 0.002393
23741.0 0.002375
23742.0 0.002357
23743.0 0.002339
23744.0 0.002321
23745.0 0.002303
23746.0 0.002285
23747.0 0.002267
23748.0 0.002250
23749.0 0.002232
23750.0 0.002214
23751.0 0.002196
23752.0 0.002178
23753.0 0.002160
23754.0 0.002142
23755.0 0.002124
23756.0 0.002106
23757.0 0.002087
23758.0 0.002069
23759.0 0.002050
23760.0 0.002031
23761.0 0.002012
23762.0 0.001993
23763.0 0.001975
23764.0 0.001956
23765.0 0.001937
23766.0 0.001918
23767.0 0.001900
23768.0 0.001881
23769.0 0.001862
23770.0 0.001843
23771.0 0.001824
23772.0 0.001806
23773.0 0.001787
23774.0 0.001768
23775.0 0.001749
23776.0 0.001731
23777.0 0.001712
23778.0 0.001693
23779.0 0.001674
23780.0 0.001655
23781.0 0.001637
23782.0 0.001618
23783.0 0.001599
23784.0 0.001580
23785.0 0.001561
23786.0 0.001543
23787.0 0.001524
23788.0 0.001505
23789.0 0.001486
23790.0 0.001468
23791.0 0.001449
23792.0 0.001430
23793.0 0.001411
23794.0 0.001392
23795.0 0.001374
23796.0 0.001355
23797.0 0.001336
23798.0 0.001317
23799.0 0.001299
23800.0 0.001280
23801.0 0.001261
23802.0 0.001242
23803.0 0.001223
23804.0 0.001205
23805.0 0.001186
23806.0 0.001167
23807.0 0.001148
23808.0 0.001130
23809.0 0.001111
23810.0 0.001092
23811.0 0.001073
23812.0 0.001054
23813.0 0.001036
23814.0 0.001017
23815.0 0.000998
23816.0 0.000979
23817.0 0.000960
23818.0 0.000942
23819.0 0.000923
23820.0 0.000904
23821.0 0.000885
23822.0 0.000867
23823.0 0.000848
23824.0 0.000829
23825.0 0.000810
23826.0 0.000791
23827.0 0.000773
23828.0 0.000754
23829.0 0.000735
23830.0 0.000716
23831.0 0.000698
23832.0 0.000679
23833.0 0.000660
23834.0 0.000641
23835.0 0.000622
23836.0 0.000604
23837.0 0.000585
23838.0 0.000566
23839.0 0.000547
23840.0 0.000529
23841.0 0.000510
23842.0 0.000491
23843.0 0.000472
23844.0 0.000453
23845.0 0.000435
23846.0 0.000416
23847.0 0.000405
23848.0 0.000402
23849.0 0.000400
23850.0 0.000397
23851.0 0.000394
23852.0 0.000391
23853.0 0.000389
23854.0 0.000386
23855.0 0.000383
23856.0 0.000381
23857.0 0.000378
23858.0 0.000375
23859.0 0.000373
23860.0 0.000370
23861.0 0.000367
23862.0 0.000364
23863.0 0.000362
23864.0 0.000359
23865.0 0.000356
23866.0 0.000354
23867.0 0.000351
23868.0 0.000348
23869.0 0.000345
23870.0 0.000343
23871.0 0.000340
23872.0 0.000337
23873.0 0.000335
23874.0 0.000332
23875.0 0.000329
23876.0 0.000326
23877.0 0.000324
23878.0 0.000321
23879.0 0.000318
23880.0 0.000316
23881.0 0.000313
23882.0 0.000310
23883.0 0.000308
23884.0 0.000305
23885.0 0.000302
23886.0 0.000299
23887.0 0.000297
23888.0 0.000294
23889.0 0.000291
23890.0 0.000289
23891.0 0.000286
23892.0 0.000283
23893.0 0.000280
23894.0 0.000278
23895.0 0.000275
23896.0 0.000272
23897.0 0.000270
23898.0 0.000267
23899.0 0.000264
23900.0 0.000261
23901.0 0.000259
23902.0 0.000256
23903.0 0.000253
23904.0 0.000251
23905.0 0.000248
23906.0 0.000245
23907.0 0.000243
23908.0 0.000240
23909.0 0.000237
23910.0 0.000234
23911.0 0.000232
23912.0 0.000229
23913.0 0.000226
23914.0 0.000224
23915.0 0.000221
23916.0 0.000218
23917.0 0.000215
23918.0 0.000213
23919.0 0.000210
23920.0 0.000207
23921.0 0.000205
23922.0 0.000202
23923.0 0.000199
23924.0 0.000196
23925.0 0.000194
23926.0 0.000191
23927.0 0.000188
23928.0 0.000186
23929.0 0.000183
23930.0 0.000180
23931.0 0.000178
23932.0 0.000175
23933.0 0.000172
23934.0 0.000169
23935.0 0.000167
23936.0 0.000164
23937.0 0.000161
23938.0 0.000159
23939.0 0.000156
23940.0 0.000153
23941.0 0.000150
23942.0 0.000148
23943.0 0.000145
23944.0 0.000142
23945.0 0.000140
23946.0 0.000137
23947.0 0.000134
23948.0 0.000131
23949.0 0.000129
23950.0 0.000126
23951.0 0.000123
23952.0 0.000121
23953.0 0.000118
23954.0 0.000115
23955.0 0.000113
23956.0 0.000110
23957.0 0.000107
23958.0 0.000104
23959.0 0.000102
23960.0 0.000099
23961.0 0.000096
23962.0 0.000094
23963.0 0.000091
23964.0 0.000088
23965.0 0.000085
23966.0 0.000083
23967.0 0.000080
23968.0 0.000077
23969.0 0.000075
23970.0 0.000072
23971.0 0.000069
23972.0 0.000066
23973.0 0.000064
23974.0 0.000061
23975.0 0.000058
23976.0 0.000056
23977.0 0.000053
23978.0 0.000050
23979.0 0.000048
23980.0 0.000045
23981.0 0.000042
23982.0 0.000039
23983.0 0.000037
23984.0 0.000034
23985.0 0.000031
23986.0 0.000029
23987.0 0.000026
23988.0 0.000023
23989.0 0.000020
23990.0 0.000018
23991.0 0.000015
23992.0 0.000012
23993.0 0.000010
23994.0 0.000007
23995.0 0.000004
23996.0 0.000001
23997.0 0.000000
23998.0 0.000000
23999.0 0.000000
24000.0 0.000000
24001.0 0.000000
24002.0 0.000000
24003.0 0.000000
24004.0 0.000000
24005.0 0.000000
24006.0 0.000000
24007.0 0.000000
24008.0 0.000000
24009.0 0.000000
24010.0 0.000000
24011.0 0.000000
24012.0 0.000000
24013.0 0.000000
24014.0 0.000000
24015.0 0.000000
24016.0 0.000000
24017.0 0.000000
24018.0 0.000000
24019.0 0.000000
24020.0 0.000000
24021.0 0.000000
24022.0 0.000000
24023.0 0.000000
24024.0 0.000000
24025.0 0.000000
24026.0 0.000000
24027.0 0.000000
24028.0 0.000000
24029.0 0.000000
24030.0 0.000000
24031.0 0.000000
24032.0 0.000000
24033.0 0.000000
24034.0 0.000000
24035.0 0.000000
24036.0 0.000000
24037.0 0.000000
24038.0 0.000000
24039.0 0.000000
24040.0 0.000000
24041.0 0.000000
24042.0 0.000000
24043.0 0.000000
24044.0 0.000000
24045.0 0.000000
24046.0 0.000000
24047.0 0.000000
24048.0 0.000000
24049.0 0.000000
24050.0 0.000000
24051.0 0.000000
24052.0 0.000000
24053.0 0.000000
24054.0 0.000000
24055.0 0.000000
24056.0 0.000000
24057.0 0.000000
24058.0 0.000000
24059.0 0.000000
24060.0 0.000000
24061.0 0.000000
24062.0 0.000000
24063.0 0.000000
24064.0 0.000000
24065.0 0.000000
24066.0 0.000000
24067.0 0.000000
24068.0 0.000000
24069.0 0.000000
24070.0 0.000000
24071.0 0.000000
24072.0 0.000000
24073.0 0.000000
24074.0 0.000000
24075.0 0.000000
24076.0 0.000000
24077.0 0.000000
24078.0 0.000000
24079.0 0.000000
24080.0 0.000000
24081.0 0.000000
24082.0 0.000000
24083.0 0.000000
24084.0 0.000000
24085.0 0.000000
24086.0 0.000000
24087.0 0.000000
24088.0 0.000000
24089.0 0.000000
24090.0 0.000000
24091.0 0.000000
24092.0 0.000000
24093.0 0.000000
24094.0 0.000000
24095.0 0.000000
24096.0 0.000000
24097.0 0.000000
24098.0 0.000000
24099.0 0.000000
24100.0 0.000000
24101.0 0.000000
24102.0 0.000000
24103.0 0.000000
24104.0 0.000000
24105.0 0.000000
24106.0 0.000000
24107.0 0.000000
24108.0 0.000000
24109.0 0.000000
24110.0 0.000000
24111.0 0.000000
24112.0 0.000000
24113.0 0.000000
24114.0 0.000000
24115.0 0.000000
24116.0 0.000000
24117.0 0.000000
24118.0 0.000000
24119.0 0.000000
24120.0 0.000000
24121.0 0.000000
24122.0 0.000000
24123.0 0.000000
24124.0 0.000000
24125.0 0.000000
24126.0 0.000000
24127.0 0.000000
24128.0 0.000000
24129.0 0.000000
24130.0 0.000000
24131.0 0.000000
24132.0 0.000000
24133.0 0.000000
24134.0 0.000000
24135.0 0.000000
24136.0 0.000000
24137.0 0.000000
24138.0 0.000000
24139.0 0.000000
24140.0 0.000000
24141.0 0.000000
24142.0 0.000000
24143.0 0.000000
24144.0 0.000000
24145.0 0.000000
24146.0 0.000000
24147.0 0.000000
24148.0 0.000000
24149.0 0.000000
24150.0 0.000000
24151.0 0.000000
24152.0 0.000000
24153.0 0.000000
24154.0 0.000000
24155.0 0.000000
24156.0 0.000000
24157.0 0.000000
24158.0 0.000000
24159.0 0.000000
24160.0 0.000000
24161.0 0.000000
24162.0 0.000000
24163.0 0.000000
24164.0 0.000000
24165.0 0.000000
24166.0 0.000000
24167.0 0.000000
24168.0 0.000000
24169.0 0.000000
24170.0 0.000000
24171.0 0.000000
24172.0 0.000000
24173.0 0.000000
24174.0 0.000000
24175.0 0.000000
24176.0 0.000000
24177.0 0.000000
24178.0 0.000000
24179.0 0.000000
24180.0 0.000000
24181.0 0.000000
24182.0 0.000000
24183.0 0.000000
24184.0 0.000000
24185.0 0.000000
24186.0 0.000000
24187.0 0.000000
24188.0 0.000000
24189.0 0.000000
24190.0 0.000000
24191.0 0.000000
24192.0 0.000000
24193.0 0.000000
24194.0 0.000000
24195.0 0.000000
24196.0 0.000000
24197.0 0.000000
24198.0 0.000000
24199.0 0.000000
24200.0 0.000000
24201.0 0.000000
24202.0 0.000000
24203.0 0.000000
24204.0 0.000000
24205.0 0.000000
24206.0 0.000000
24207.0 0.000000
24208.0 0.000000
24209.0 0.000000
24210.0 0.000000
24211.0 0.000000
24212.0 0.000000
24213.0 0.000000
24214.0 0.000000
24215.0 0.000000
24216.0 0.000000
24217.0 0.000000
24218.0 0.000000
24219.0 0.000000
24220.0 0.000000
24221.0 0.000000
24222.0 0.000000
24223.0 0.000000
24224.0 0.000000
24225.0 0.000000
24226.0 0.000000
24227.0 0.000000
24228.0 0.000000
24229.0 0.000000
24230.0 0.000000
24231.0 0.000000
24232.0 0.000000
24233.0 0.000000
24234.0 0.000000
24235.0 0.000000
24236.0 0.000000
24237.0 0.000000
24238.0 0.000000
24239.0 0.000000
24240.0 0.000000
24241.0 0.000000
24242.0 0.000000
24243.0 0.000000
24244.0 0.000000
24245.0 0.000000
24246.0 0.000000
24247.0 0.000000
24248.0 0.000000
24249.0 0.000000
24250.0 0.000000
24251.0 0.000000
24252.0 0.000000
24253.0 0.000000
24254.0 0.000000
24255.0 0.000000
24256.0 0.000000
24257.0 0.000000
24258.0 0.000000
24259.0 0.000000
24260.0 0.000000
24261.0 0.000000
24262.0 0.000000
24263.0 0.000000
24264.0 0.000000
24265.0 0.000000
24266.0 0.000000
24267.0 0.000000
24268.0 0.000000
24269.0 0.000000
24270.0 0.000000
24271.0 0.000000
24272.0 0.000000
24273.0 0.000000
24274.0 0.000000
24275.0 0.000000
24276.0 0.000000
24277.0 0.000000
24278.0 0.000000
24279.0 0.000000
24280.0 0.000000
24281.0 0.000000
24282.0 0.000000
24283.0 0.000000
24284.0 0.000000
24285.0 0.000000
24286.0 0.000000
24287.0 0.000000
24288.0 0.000000
24289.0 0.000000
24290.0 0.000000
24291.0 0.000000
24292.0 0.000000
24293.0 0.000000
24294.0 0.000000
24295.0 0.000000
24296.0 0.000000
24297.0 0.000000
24298.0 0.000000
24299.0 0.000000
24300.0 0.000000
24301.0 0.000000
24302.0 0.000000
24303.0 0.000000
24304.0 0.000000
24305.0 0.000000
24306.0 0.000000
24307.0 0.000000
24308.0 0.000000
24309.0 0.000000
24310.0 0.000000
24311.0 0.000000
24312.0 0.000000
24313.0 0.000000
24314.0 0.000000
24315.0 0.000000
24316.0 0.000000
24317.0 0.000000
24318.0 0.000000
24319.0 0.000000
24320.0 0.000000
24321.0 0.000000
24322.0 0.000000
24323.0 0.000000
24324.0 0.000000
24325.0 0.000000
24326.0 0.000000
24327.0 0.000000
24328.0 0.000000
24329.0 0.000000
24330.0 0.000000
24331.0 0.000000
24332.0 0.000000
24333.0 0.000000
24334.0 0.000000
24335.0 0.000000
24336.0 0.000000
24337.0 0.000000
24338.0 0.000000
24339.0 0.000000
24340.0 0.000000
24341.0 0.000000
24342.0 0.000000
24343.0 0.000000
24344.0 0.000000
24345.0 0.000000
24346.0 0.000000
24347.0 0.000000
24348.0 0.000000
24349.0 0.000000
24350.0 0.000000
24351.0 0.000000
24352.0 0.000000
24353.0 0.000000
24354.0 0.000000
24355.0 0.000000
24356.0 0.000000
24357.0 0.000000
24358.0 0.000000
24359.0 0.000000
24360.0 0.000000
24361.0 0.000000
24362.0 0.000000
24363.0 0.000000
24364.0 0.000000
24365.0 0.000000
24366.0 0.000000
24367.0 0.000000
24368.0 0.000000
24369.0 0.000000
24370.0 0.000000
24371.0 0.000000
24372.0 0.000000
24373.0 0.000000
24374.0 0.000000
24375.0 0.000000
24376.0 0.000000
24377.0 0.000000
24378.0 0.000000
24379.0 0.000000
24380.0 0.000000
24381.0 0.000000
24382.0 0.000000
24383.0 0.000000
24384.0 0.000000
24385.0 0.000000
24386.0 0.000000
24387.0 0.000000
24388.0 0.000000
24389.0 0.000000
24390.0 0.000000
24391.0 0.000000
24392.0 0.000000
24393.0 0.000000
24394.0 0.000000
24395.0 0.000000
24396.0 0.000000
24397.0 0.000000
24398.0 0.000000
24399.0 0.000000
24400.0 0.000000
24401.0 0.000000
24402.0 0.000000
24403.0 0.000000
24404.0 0.000000
24405.0 0.000000
24406.0 0.000000
24407.0 0.000000
24408.0 0.000000
24409.0 0.000000
24410.0 0.000000
24411.0 0.000000
24412.0 0.000000
24413.0 0.000000
24414.0 0.000000
24415.0 0.000000
24416.0 0.000000
24417.0 0.000000
24418.0 0.000000
24419.0 0.000000
24420.0 0.000000
24421.0 0.000000
24422.0 0.000000
24423.0 0.000000
24424.0 0.000000
24425.0 0.000000
24426.0 0.000000
24427.0 0.000000
24428.0 0.000000
24429.0 0.000000
24430.0 0.000000
24431.0 0.000000
24432.0 0.000000
24433.0 0.000000
24434.0 0.000000
24435.0 0.000000
24436.0 0.000000
24437.0 0.000000
24438.0 0.000000
24439.0 0.000000
24440.0 0.000000
24441.0 0.000000
24442.0 0.000000
24443.0 0.000000
24444.0 0.000000
24445.0 0.000000
24446.0 0.000000
24447.0 0.000000
24448.0 0.000000
24449.0 0.000000
24450.0 0.000000
24451.0 0.000000
24452.0 0.000000
24453.0 0.000000
24454.0 0.000000
24455.0 0.000000
24456.0 0.000000
24457.0 0.000000
24458.0 0.000000
24459.0 0.000000
24460.0 0.000000
24461.0 0.000000
24462.0 0.000000
24463.0 0.000000
24464.0 0.000000
24465.0 0.000000
24466.0 0.000000
24467.0 0.000000
24468.0 0.000000
24469.0 0.000000
24470.0 0.000000
24471.0 0.000000
24472.0 0.000000
24473.0 0.000000
24474.0 0.000000
24475.0 0.000000
24476.0 0.000000
24477.0 0.000000
24478.0 0.000000
24479.0 0.000000
24480.0 0.000000
24481.0 0.000000
24482.0 0.000000
24483.0 0.000000
24484.0 0.000000
24485.0 0.000000
24486.0 0.000000
24487.0 0.000000
24488.0 0.000000
24489.0 0.000000
24490.0 0.000000
24491.0 0.000000
24492.0 0.000000
24493.0 0.000000
24494.0 0.000000
24495.0 0.000000
24496.0 0.000000
24497.0 0.000000
24498.0 0.000000
24499.0 0.000000
24500.0 0.000000
24501.0 0.000000
24502.0 0.000000
24503.0 0.000000
24504.0 0.000000
24505.0 0.000000
24506.0 0.000000
24507.0 0.000000
24508.0 0.000000
24509.0 0.000000
24510.0 0.000000
24511.0 0.000000
24512.0 0.000000
24513.0 0.000000
24514.0 0.000000
24515.0 0.000000
24516.0 0.000000
24517.0 0.000000
24518.0 0.000000
24519.0 0.000000
24520.0 0.000000
24521.0 0.000000
24522.0 0.000000
24523.0 0.000000
24524.0 0.000000
24525.0 0.000000
24526.0 0.000000
24527.0 0.000000
24528.0 0.000000
24529.0 0.000000
24530.0 0.000000
24531.0 0.000000
24532.0 0.000000
24533.0 0.000000
24534.0 0.000000
24535.0 0.000000
24536.0 0.000000
24537.0 0.000000
24538.0 0.000000
24539.0 0.000000
24540.0 0.000000
24541.0 0.000000
24542.0 0.000000
24543.0 0.000000
24544.0 0.000000
24545.0 0.000000
24546.0 0.000000
24547.0 0.000000
24548.0 0.000000
24549.0 0.000000
24550.0 0.000000
24551.0 0.000000
24552.0 0.000000
24553.0 0.000000
24554.0 0.000000
24555.0 0.000000
24556.0 0.000000
24557.0 0.000000
24558.0 0.000000
24559.0 0.000000
24560.0 0.000000
24561.0 0.000000
24562.0 0.000000
24563.0 0.000000
24564.0 0.000000
24565.0 0.000000
24566.0 0.000000
24567.0 0.000000
24568.0 0.000000
24569.0 0.000000
24570.0 0.000000
24571.0 0.000000
24572.0 0.000000
24573.0 0.000000
24574.0 0.000000
24575.0 0.000000
24576.0 0.000000
24577.0 0.000000
24578.0 0.000000
24579.0 0.000000
24580.0 0.000000
24581.0 0.000000
24582.0 0.000000
24583.0 0.000000
24584.0 0.000000
24585.0 0.000000
24586.0 0.000000
24587.0 0.000000
24588.0 0.000000
24589.0 0.000000
24590.0 0.000000
24591.0 0.000000
24592.0 0.000000
24593.0 0.000000
24594.0 0.000000
24595.0 0.000000
24596.0 0.000000
24597.0 0.000000
24598.0 0.000000
24599.0 0.000000
24600.0 0.000000
24601.0 0.000000
24602.0 0.000000
24603.0 0.000000
24604.0 0.000000
24605.0 0.000000
24606.0 0.000000
24607.0 0.000000
24608.0 0.000000
24609.0 0.000000
24610.0 0.000000
24611.0 0.000000
24612.0 0.000000
24613.0 0.000000
24614.0 0.000000
24615.0 0.000000
24616.0 0.000000
24617.0 0.000000
24618.0 0.000000
24619.0 0.000000
24620.0 0.000000
24621.0 0.000000
24622.0 0.000000
24623.0 0.000000
24624.0 0.000000
24625.0 0.000000
24626.0 0.000000
24627.0 0.000000
24628.0 0.000000
24629.0 0.000000
24630.0 0.000000
24631.0 0.000000
24632.0 0.000000
24633.0 0.000000
24634.0 0.000000
24635.0 0.000000
24636.0 0.000000
24637.0 0.000000
24638.0 0.000000
24639.0 0.000000
24640.0 0.000000
24641.0 0.000000
24642.0 0.000000
24643.0 0.000000
24644.0 0.000000
24645.0 0.000000
24646.0 0.000000
24647.0 0.000000
24648.0 0.000000
24649.0 0.000000
24650.0 0.000000
24651.0 0.000000
24652.0 0.000000
24653.0 0.000000
24654.0 0.000000
24655.0 0.000000
24656.0 0.000000
24657.0 0.000000
24658.0 0.000000
24659.0 0.000000
24660.0 0.000000
24661.0 0.000000
24662.0 0.000000
24663.0 0.000000
24664.0 0.000000
24665.0 0.000000
24666.0 0.000000
24667.0 0.000000
24668.0 0.000000
24669.0 0.000000
24670.0 0.000000
24671.0 0.000000
24672.0 0.000000
24673.0 0.000000
24674.0 0.000000
24675.0 0.000000
24676.0 0.000000
24677.0 0.000000
24678.0 0.000000
24679.0 0.000000
24680.0 0.000000
24681.0 0.000000
24682.0 0.000000
24683.0 0.000000
24684.0 0.000000
24685.0 0.000000
24686.0 0.000000
24687.0 0.000000
24688.0 0.000000
24689.0 0.000000
24690.0 0.000000
24691.0 0.000000
24692.0 0.000000
24693.0 0.000000
24694.0 0.000000
24695.0 0.000000
24696.0 0.000000
24697.0 0.000000
24698.0 0.000000
24699.0 0.000000
24700.0 0.000000
24701.0 0.000000
24702.0 0.000000
24703.0 0.000000
24704.0 0.000000
24705.0 0.000000
24706.0 0.000000
24707.0 0.000000
24708.0 0.000000
24709.0 0.000000
24710.0 0.000000
24711.0 0.000000
24712.0 0.000000
24713.0 0.000000
24714.0 0.000000
24715.0 0.000000
24716.0 0.000000
24717.0 0.000000
24718.0 0.000000
24719.0 0.000000
24720.0 0.000000
24721.0 0.000000
24722.0 0.000000
24723.0 0.000000
24724.0 0.000000
24725.0 0.000000
24726.0 0.000000
24727.0 0.000000
24728.0 0.000000
24729.0 0.000000
24730.0 0.000000
24731.0 0.000000
24732.0 0.000000
24733.0 0.000000
24734.0 0.000000
24735.0 0.000000
24736.0 0.000000
24737.0 0.000000
24738.0 0.000000
24739.0 0.000000
24740.0 0.000000
