14180.0 0.000017
14181.0 0.000017
14182.0 0.000017
14183.0 0.000017
14184.0 0.000017
14185.0 0.000020
14186.0 0.000022
14187.0 0.000024
14188.0 0.000026
14189.0 0.000029
14190.0 0.000031
14191.0 0.000033
14192.0 0.000035
14193.0 0.000038
14194.0 0.000040
14195.0 0.000042
14196.0 0.000044
14197.0 0.000047
14198.0 0.000049
14199.0 0.000051
14200.0 0.000053
14201.0 0.000056
14202.0 0.000058
14203.0 0.000060
14204.0 0.000062
14205.0 0.000065
14206.0 0.000067
14207.0 0.000069
14208.0 0.000071
14209.0 0.000074
14210.0 0.000076
14211.0 0.000078
14212.0 0.000080
14213.0 0.000082
14214.0 0.000085
14215.0 0.000087
14216.0 0.000089
14217.0 0.000091
14218.0 0.000094
14219.0 0.000096
14220.0 0.000098
14221.0 0.000100
14222.0 0.000103
14223.0 0.000105
14224.0 0.000107
14225.0 0.000109
14226.0 0.000112
14227.0 0.000114
14228.0 0.000116
14229.0 0.000118
14230.0 0.000121
14231.0 0.000123
14232.0 0.000125
14233.0 0.000127
14234.0 0.000130
14235.0 0.000132
14236.0 0.000134
14237.0 0.000136
14238.0 0.000139
14239.0 0.000141
14240.0 0.000143
14241.0 0.000145
14242.0 0.000148
14243.0 0.000150
14244.0 0.000152
14245.0 0.000154
14246.0 0.000157
14247.0 0.000159
14248.0 0.000161
14249.0 0.000163
14250.0 0.000166
14251.0 0.000168
14252.0 0.000170
14253.0 0.000172
14254.0 0.000175
14255.0 0.000177
14256.0 0.000179
14257.0 0.000181
14258.0 0.000183
14259.0 0.000186
14260.0 0.000188
14261.0 0.000190
14262.0 0.000192
14263.0 0.000195
14264.0 0.000197
14265.0 0.000199
14266.0 0.000201
14267.0 0.000204
14268.0 0.000206
14269.0 0.000208
14270.0 0.000210
14271.0 0.000213
14272.0 0.000215
14273.0 0.000217
14274.0 0.000219
14275.0 0.000222
14276.0 0.000224
14277.0 0.000226
14278.0 0.000228
14279.0 0.000231
14280.0 0.000233
14281.0 0.000235
14282.0 0.000237
14283.0 0.000240
14284.0 0.000242
14285.0 0.000244
14286.0 0.000246
14287.0 0.000249
14288.0 0.000251
14289.0 0.000253
14290.0 0.000255
14291.0 0.000258
14292.0 0.000260
14293.0 0.000262
14294.0 0.000264
14295.0 0.000267
14296.0 0.000269
14297.0 0.000271
14298.0 0.000273
14299.0 0.000276
14300.0 0.000278
14301.0 0.000280
14302.0 0.000282
14303.0 0.000285
14304.0 0.000287
14305.0 0.000289
14306.0 0.000291
14307.0 0.000293
14308.0 0.000296
14309.0 0.000298
14310.0 0.000300
14311.0 0.000302
14312.0 0.000305
14313.0 0.000307
14314.0 0.000309
14315.0 0.000311
14316.0 0.000314
14317.0 0.000316
14318.0 0.000318
14319.0 0.000320
14320.0 0.000323
14321.0 0.000325
14322.0 0.000327
14323.0 0.000329
14324.0 0.000332
14325.0 0.000334
14326.0 0.000336
14327.0 0.000338
14328.0 0.000341
14329.0 0.000343
14330.0 0.000345
14331.0 0.000347
14332.0 0.000350
14333.0 0.000352
14334.0 0.000354
14335.0 0.000356
14336.0 0.000359
14337.0 0.000361
14338.0 0.000363
14339.0 0.000365
14340.0 0.000368
14341.0 0.000370
14342.0 0.000372
14343.0 0.000374
14344.0 0.000377
14345.0 0.000379
14346.0 0.000381
14347.0 0.000383
14348.0 0.000386
14349.0 0.000388
14350.0 0.000390
14351.0 0.000392
14352.0 0.000395
14353.0 0.000397
14354.0 0.000399
14355.0 0.000401
14356.0 0.000403
14357.0 0.000406
14358.0 0.000408
14359.0 0.000410
14360.0 0.000412
14361.0 0.000415
14362.0 0.000417
14363.0 0.000419
14364.0 0.000421
14365.0 0.000424
14366.0 0.000426
14367.0 0.000428
14368.0 0.000430
14369.0 0.000433
14370.0 0.000435
14371.0 0.000437
14372.0 0.000439
14373.0 0.000442
14374.0 0.000444
14375.0 0.000446
14376.0 0.000448
14377.0 0.000451
14378.0 0.000453
14379.0 0.000455
14380.0 0.000457
14381.0 0.000460
14382.0 0.000462
14383.0 0.000464
14384.0 0.000466
14385.0 0.000469
14386.0 0.000471
14387.0 0.000473
14388.0 0.000475
14389.0 0.000478
14390.0 0.000480
14391.0 0.000482
14392.0 0.000484
14393.0 0.000487
14394.0 0.000489
14395.0 0.000491
14396.0 0.000493
14397.0 0.000496
14398.0 0.000498
14399.0 0.000500
14400.0 0.000502
14401.0 0.000504
14402.0 0.000507
14403.0 0.000509
14404.0 0.000512
14405.0 0.000522
14406.0 0.000532
14407.0 0.000542
14408.0 0.000553
14409.0 0.000563
14410.0 0.000573
14411.0 0.000583
14412.0 0.000594
14413.0 0.000604
14414.0 0.000614
14415.0 0.000624
14416.0 0.000635
14417.0 0.000645
14418.0 0.000655
14419.0 0.000665
14420.0 0.000676
14421.0 0.000686
14422.0 0.000696
14423.0 0.000706
14424.0 0.000717
14425.0 0.000727
14426.0 0.000737
14427.0 0.000747
14428.0 0.000758
14429.0 0.000768
14430.0 0.000778
14431.0 0.000788
14432.0 0.000799
14433.0 0.000809
14434.0 0.000819
14435.0 0.000829
14436.0 0.000840
14437.0 0.000850
14438.0 0.000860
14439.0 0.000870
14440.0 0.000881
14441.0 0.000891
14442.0 0.000901
14443.0 0.000911
14444.0 0.000922
14445.0 0.000932
14446.0 0.000942
14447.0 0.000952
14448.0 0.000963
14449.0 0.000973
14450.0 0.000983
14451.0 0.000993
14452.0 0.001004
14453.0 0.001014
14454.0 0.001024
14455.0 0.001034
14456.0 0.001045
14457.0 0.001055
14458.0 0.001065
14459.0 0.001075
14460.0 0.001086
14461.0 0.001096
14462.0 0.001106
14463.0 0.001116
14464.0 0.001127
14465.0 0.001137
14466.0 0.001147
14467.0 0.001157
14468.0 0.001168
14469.0 0.001178
14470.0 0.001188
14471.0 0.001198
14472.0 0.001208
14473.0 0.001219
14474.0 0.001229
14475.0 0.001239
14476.0 0.001249
14477.0 0.001260
14478.0 0.001270
14479.0 0.001280
14480.0 0.001290
14481.0 0.001301
14482.0 0.001311
14483.0 0.001321
14484.0 0.001331
14485.0 0.001342
14486.0 0.001352
14487.0 0.001362
14488.0 0.001372
14489.0 0.001383
14490.0 0.001393
14491.0 0.001403
14492.0 0.001413
14493.0 0.001424
14494.0 0.001434
14495.0 0.001444
14496.0 0.001454
14497.0 0.001465
14498.0 0.001475
14499.0 0.001485
14500.0 0.001495
14501.0 0.001506
14502.0 0.001516
14503.0 0.001526
14504.0 0.001536
14505.0 0.001547
14506.0 0.001557
14507.0 0.001567
14508.0 0.001577
14509.0 0.001588
14510.0 0.001598
14511.0 0.001608
14512.0 0.001618
14513.0 0.001629
14514.0 0.001639
14515.0 0.001649
14516.0 0.001659
14517.0 0.001670
14518.0 0.001680
14519.0 0.001690
14520.0 0.001700
14521.0 0.001711
14522.0 0.001721
14523.0 0.001731
14524.0 0.001741
14525.0 0.001752
14526.0 0.001762
14527.0 0.001772
14528.0 0.001782
14529.0 0.001793
14530.0 0.001803
14531.0 0.001813
14532.0 0.001823
14533.0 0.001834
14534.0 0.001844
14535.0 0.001854
14536.0 0.001864
14537.0 0.001875
14538.0 0.001885
14539.0 0.001895
14540.0 0.001905
14541.0 0.001915
14542.0 0.001926
14543.0 0.001936
14544.0 0.001946
14545.0 0.001956
14546.0 0.001967
14547.0 0.001977
14548.0 0.001987
14549.0 0.001997
14550.0 0.002008
14551.0 0.002018
14552.0 0.002028
14553.0 0.002038
14554.0 0.002049
14555.0 0.002059
14556.0 0.002069
14557.0 0.002079
14558.0 0.002090
14559.0 0.002100
14560.0 0.002110
14561.0 0.002120
14562.0 0.002131
14563.0 0.002141
14564.0 0.002151
14565.0 0.002161
14566.0 0.002172
14567.0 0.002182
14568.0 0.002192
14569.0 0.002202
14570.0 0.002213
14571.0 0.002223
14572.0 0.002233
14573.0 0.002243
14574.0 0.002254
14575.0 0.002264
14576.0 0.002274
14577.0 0.002284
14578.0 0.002295
14579.0 0.002305
14580.0 0.002315
14581.0 0.002325
14582.0 0.002336
14583.0 0.002346
14584.0 0.002356
14585.0 0.002366
14586.0 0.002377
14587.0 0.002387
14588.0 0.002397
14589.0 0.002407
14590.0 0.002418
14591.0 0.002428
14592.0 0.002438
14593.0 0.002448
14594.0 0.002459
14595.0 0.002469
14596.0 0.002479
14597.0 0.002489
14598.0 0.002500
14599.0 0.002510
14600.0 0.002520
14601.0 0.002530
14602.0 0.002541
14603.0 0.002551
14604.0 0.002561
14605.0 0.002571
14606.0 0.002582
14607.0 0.002592
14608.0 0.002602
14609.0 0.002612
14610.0 0.002622
14611.0 0.002633
14612.0 0.002643
14613.0 0.002653
14614.0 0.002663
14615.0 0.002674
14616.0 0.002684
14617.0 0.002694
14618.0 0.002704
14619.0 0.002715
14620.0 0.002725
14621.0 0.002735
14622.0 0.002745
14623.0 0.002756
14624.0 0.002766
14625.0 0.002799
14626.0 0.002833
14627.0 0.002866
14628.0 0.002899
14629.0 0.002932
14630.0 0.002966
14631.0 0.002999
14632.0 0.003032
14633.0 0.003065
14634.0 0.003099
14635.0 0.003132
14636.0 0.003165
14637.0 0.003198
14638.0 0.003232
14639.0 0.003265
14640.0 0.003298
14641.0 0.003331
14642.0 0.003365
14643.0 0.003398
14644.0 0.003431
14645.0 0.003464
14646.0 0.003498
14647.0 0.003531
14648.0 0.003564
14649.0 0.003597
14650.0 0.003631
14651.0 0.003664
14652.0 0.003697
14653.0 0.003730
14654.0 0.003764
14655.0 0.003797
14656.0 0.003830
14657.0 0.003864
14658.0 0.003897
14659.0 0.003930
14660.0 0.003963
14661.0 0.003997
14662.0 0.004030
14663.0 0.004063
14664.0 0.004096
14665.0 0.004130
14666.0 0.004163
14667.0 0.004196
14668.0 0.004229
14669.0 0.004263
14670.0 0.004296
14671.0 0.004329
14672.0 0.004362
14673.0 0.004396
14674.0 0.004429
14675.0 0.004462
14676.0 0.004495
14677.0 0.004529
14678.0 0.004562
14679.0 0.004595
14680.0 0.004628
14681.0 0.004662
14682.0 0.004695
14683.0 0.004728
14684.0 0.004761
14685.0 0.004795
14686.0 0.004828
14687.0 0.004861
14688.0 0.004895
14689.0 0.004928
14690.0 0.004961
14691.0 0.004994
14692.0 0.005028
14693.0 0.005061
14694.0 0.005094
14695.0 0.005127
14696.0 0.005161
14697.0 0.005194
14698.0 0.005227
14699.0 0.005260
14700.0 0.005294
14701.0 0.005327
14702.0 0.005360
14703.0 0.005393
14704.0 0.005427
14705.0 0.005460
14706.0 0.005493
14707.0 0.005526
14708.0 0.005560
14709.0 0.005593
14710.0 0.005626
14711.0 0.005659
14712.0 0.005693
14713.0 0.005726
14714.0 0.005759
14715.0 0.005792
14716.0 0.005826
14717.0 0.005859
14718.0 0.005892
14719.0 0.005925
14720.0 0.005959
14721.0 0.005992
14722.0 0.006025
14723.0 0.006059
14724.0 0.006092
14725.0 0.006125
14726.0 0.006158
14727.0 0.006192
14728.0 0.006225
14729.0 0.006258
14730.0 0.006291
14731.0 0.006325
14732.0 0.006358
14733.0 0.006391
14734.0 0.006424
14735.0 0.006458
14736.0 0.006491
14737.0 0.006524
14738.0 0.006557
14739.0 0.006591
14740.0 0.006624
14741.0 0.006657
14742.0 0.006690
14743.0 0.006724
14744.0 0.006757
14745.0 0.006790
14746.0 0.006823
14747.0 0.006857
14748.0 0.006890
14749.0 0.006923
14750.0 0.006956
14751.0 0.006990
14752.0 0.007023
14753.0 0.007056
14754.0 0.007089
14755.0 0.007123
14756.0 0.007156
14757.0 0.007189
14758.0 0.007223
14759.0 0.007256
14760.0 0.007289
14761.0 0.007322
14762.0 0.007356
14763.0 0.007389
14764.0 0.007422
14765.0 0.007455
14766.0 0.007489
14767.0 0.007522
14768.0 0.007555
14769.0 0.007588
14770.0 0.007622
14771.0 0.007655
14772.0 0.007688
14773.0 0.007721
14774.0 0.007755
14775.0 0.007788
14776.0 0.007821
14777.0 0.007854
14778.0 0.007888
14779.0 0.007921
14780.0 0.007954
14781.0 0.007987
14782.0 0.008021
14783.0 0.008054
14784.0 0.008087
14785.0 0.008336
14786.0 0.008594
14787.0 0.008852
14788.0 0.009110
14789.0 0.009368
14790.0 0.009627
14791.0 0.009885
14792.0 0.010143
14793.0 0.010401
14794.0 0.010659
14795.0 0.010917
14796.0 0.011175
14797.0 0.011433
14798.0 0.011691
14799.0 0.011949
14800.0 0.012207
14801.0 0.012465
14802.0 0.012723
14803.0 0.012981
14804.0 0.013239
14805.0 0.013497
14806.0 0.013755
14807.0 0.014013
14808.0 0.014271
14809.0 0.014529
14810.0 0.014787
14811.0 0.015045
14812.0 0.015303
14813.0 0.015561
14814.0 0.015819
14815.0 0.016077
14816.0 0.016335
14817.0 0.016593
14818.0 0.016851
14819.0 0.017109
14820.0 0.017367
14821.0 0.017625
14822.0 0.017883
14823.0 0.018141
14824.0 0.018399
14825.0 0.018658
14826.0 0.018916
14827.0 0.019174
14828.0 0.019432
14829.0 0.019690
14830.0 0.019948
14831.0 0.020206
14832.0 0.020464
14833.0 0.020722
14834.0 0.020980
14835.0 0.021238
14836.0 0.021496
14837.0 0.021754
14838.0 0.022012
14839.0 0.022270
14840.0 0.022528
14841.0 0.022786
14842.0 0.023044
14843.0 0.023302
14844.0 0.023560
14845.0 0.023818
14846.0 0.024076
14847.0 0.024334
14848.0 0.024592
14849.0 0.024850
14850.0 0.025108
14851.0 0.025366
14852.0 0.025624
14853.0 0.025882
14854.0 0.026140
14855.0 0.026398
14856.0 0.026656
14857.0 0.026914
14858.0 0.027172
14859.0 0.027431
14860.0 0.027689
14861.0 0.027947
14862.0 0.028205
14863.0 0.028463
14864.0 0.028721
14865.0 0.029519
14866.0 0.030353
14867.0 0.031187
14868.0 0.032021
14869.0 0.032854
14870.0 0.033688
14871.0 0.034522
14872.0 0.035356
14873.0 0.036189
14874.0 0.037023
14875.0 0.037857
14876.0 0.038691
14877.0 0.039525
14878.0 0.040358
14879.0 0.041192
14880.0 0.042026
14881.0 0.042860
14882.0 0.043694
14883.0 0.044527
14884.0 0.045361
14885.0 0.046195
14886.0 0.047029
14887.0 0.047862
14888.0 0.048696
14889.0 0.049530
14890.0 0.050364
14891.0 0.051198
14892.0 0.052031
14893.0 0.052865
14894.0 0.053699
14895.0 0.054533
14896.0 0.055367
14897.0 0.056200
14898.0 0.057034
14899.0 0.057868
14900.0 0.058702
14901.0 0.059535
14902.0 0.060369
14903.0 0.061203
14904.0 0.062037
14905.0 0.062871
14906.0 0.063704
14907.0 0.064538
14908.0 0.065372
14909.0 0.066206
14910.0 0.067040
14911.0 0.067873
14912.0 0.068707
14913.0 0.069541
14914.0 0.070375
14915.0 0.071208
14916.0 0.072042
14917.0 0.072876
14918.0 0.073710
14919.0 0.074544
14920.0 0.075377
14921.0 0.076211
14922.0 0.077045
14923.0 0.077879
14924.0 0.078713
14925.0 0.079546
14926.0 0.080380
14927.0 0.081214
14928.0 0.082048
14929.0 0.082881
14930.0 0.083715
14931.0 0.084549
14932.0 0.085383
14933.0 0.086217
14934.0 0.087050
14935.0 0.088073
14936.0 0.089112
14937.0 0.090151
14938.0 0.091190
14939.0 0.092230
14940.0 0.093269
14941.0 0.094308
14942.0 0.095347
14943.0 0.096386
14944.0 0.097425
14945.0 0.098465
14946.0 0.099504
14947.0 0.100543
14948.0 0.101582
14949.0 0.102621
14950.0 0.103660
14951.0 0.104699
14952.0 0.105739
14953.0 0.106778
14954.0 0.107817
14955.0 0.108856
14956.0 0.109895
14957.0 0.110934
14958.0 0.111974
14959.0 0.113013
14960.0 0.114052
14961.0 0.115091
14962.0 0.116130
14963.0 0.117169
14964.0 0.118208
14965.0 0.119248
14966.0 0.120287
14967.0 0.121326
14968.0 0.122365
14969.0 0.123404
14970.0 0.124443
14971.0 0.125482
14972.0 0.126522
14973.0 0.127561
14974.0 0.128600
14975.0 0.129639
14976.0 0.130678
14977.0 0.131717
14978.0 0.132757
14979.0 0.133796
14980.0 0.134835
14981.0 0.135874
14982.0 0.136913
14983.0 0.137952
14984.0 0.138991
14985.0 0.140031
14986.0 0.141070
14987.0 0.142109
14988.0 0.143148
14989.0 0.144187
14990.0 0.145226
14991.0 0.146265
14992.0 0.147305
14993.0 0.148344
14994.0 0.149383
14995.0 0.150422
14996.0 0.151461
14997.0 0.152500
14998.0 0.153540
14999.0 0.154579
15000.0 0.155618
15001.0 0.156657
15002.0 0.157696
15003.0 0.158735
15004.0 0.159774
15005.0 0.160814
15006.0 0.161853
15007.0 0.162892
15008.0 0.163931
15009.0 0.164970
15010.0 0.166009
15011.0 0.167048
15012.0 0.168088
15013.0 0.169127
15014.0 0.170166
15015.0 0.171205
15016.0 0.172244
15017.0 0.173283
15018.0 0.174323
15019.0 0.175362
15020.0 0.176401
15021.0 0.177440
15022.0 0.178479
15023.0 0.179518
15024.0 0.180557
15025.0 0.181597
15026.0 0.182636
15027.0 0.183675
15028.0 0.184714
15029.0 0.185753
15030.0 0.186792
15031.0 0.187832
15032.0 0.188871
15033.0 0.189910
15034.0 0.190949
15035.0 0.191988
15036.0 0.193027
15037.0 0.194066
15038.0 0.195106
15039.0 0.196145
15040.0 0.197184
15041.0 0.198223
15042.0 0.199262
15043.0 0.200301
15044.0 0.201340
15045.0 0.203369
15046.0 0.205521
15047.0 0.207672
15048.0 0.209824
15049.0 0.211975
15050.0 0.214126
15051.0 0.216278
15052.0 0.218429
15053.0 0.220580
15054.0 0.222732
15055.0 0.224883
15056.0 0.227035
15057.0 0.229186
15058.0 0.231337
15059.0 0.233489
15060.0 0.235640
15061.0 0.237792
15062.0 0.239943
15063.0 0.242094
15064.0 0.244246
15065.0 0.246397
15066.0 0.248548
15067.0 0.250700
15068.0 0.252851
15069.0 0.255003
15070.0 0.257154
15071.0 0.259305
15072.0 0.261457
15073.0 0.263608
15074.0 0.265760
15075.0 0.267911
15076.0 0.270062
15077.0 0.272214
15078.0 0.274365
15079.0 0.276517
15080.0 0.278668
15081.0 0.280819
15082.0 0.282971
15083.0 0.285122
15084.0 0.287273
15085.0 0.289425
15086.0 0.291576
15087.0 0.293728
15088.0 0.295879
15089.0 0.298030
15090.0 0.300182
15091.0 0.302333
15092.0 0.304485
15093.0 0.306636
15094.0 0.308787
15095.0 0.310939
15096.0 0.313090
15097.0 0.315242
15098.0 0.317393
15099.0 0.319544
15100.0 0.321696
15101.0 0.323847
15102.0 0.325998
15103.0 0.328150
15104.0 0.330301
15105.0 0.332453
15106.0 0.334604
15107.0 0.336755
15108.0 0.338907
15109.0 0.341058
15110.0 0.343210
15111.0 0.345361
15112.0 0.347512
15113.0 0.349664
15114.0 0.351815
15115.0 0.353966
15116.0 0.356118
15117.0 0.358269
15118.0 0.360421
15119.0 0.362572
15120.0 0.364723
15121.0 0.366875
15122.0 0.369026
15123.0 0.371178
15124.0 0.373329
15125.0 0.375480
15126.0 0.377632
15127.0 0.379783
15128.0 0.381935
15129.0 0.384086
15130.0 0.386237
15131.0 0.388389
15132.0 0.390540
15133.0 0.392691
15134.0 0.394843
15135.0 0.396994
15136.0 0.399146
15137.0 0.401297
15138.0 0.403448
15139.0 0.405600
15140.0 0.407751
15141.0 0.409903
15142.0 0.412054
15143.0 0.414205
15144.0 0.416357
15145.0 0.418508
15146.0 0.420659
15147.0 0.422811
15148.0 0.424962
15149.0 0.427114
15150.0 0.429265
15151.0 0.431416
15152.0 0.433568
15153.0 0.435719
15154.0 0.437871
15155.0 0.439813
15156.0 0.441722
15157.0 0.443631
15158.0 0.445540
15159.0 0.447448
15160.0 0.449357
15161.0 0.451266
15162.0 0.453175
15163.0 0.455083
15164.0 0.456992
15165.0 0.458901
15166.0 0.460810
15167.0 0.462718
15168.0 0.464627
15169.0 0.466536
15170.0 0.468445
15171.0 0.470353
15172.0 0.472262
15173.0 0.474171
15174.0 0.476080
15175.0 0.477988
15176.0 0.479897
15177.0 0.481806
15178.0 0.483715
15179.0 0.485623
15180.0 0.487532
15181.0 0.489441
15182.0 0.491350
15183.0 0.493258
15184.0 0.495167
15185.0 0.497076
15186.0 0.498985
15187.0 0.500893
15188.0 0.502802
15189.0 0.504711
15190.0 0.506620
15191.0 0.508528
15192.0 0.510437
15193.0 0.512346
15194.0 0.514255
15195.0 0.516163
15196.0 0.518072
15197.0 0.519981
15198.0 0.521890
15199.0 0.523798
15200.0 0.525707
15201.0 0.527616
15202.0 0.529525
15203.0 0.531433
15204.0 0.533342
15205.0 0.535251
15206.0 0.537160
15207.0 0.539068
15208.0 0.540977
15209.0 0.542886
15210.0 0.544795
15211.0 0.546703
15212.0 0.548612
15213.0 0.550521
15214.0 0.552430
15215.0 0.554338
15216.0 0.556247
15217.0 0.558156
15218.0 0.560065
15219.0 0.561973
15220.0 0.563882
15221.0 0.565791
15222.0 0.567700
15223.0 0.569608
15224.0 0.571517
15225.0 0.573426
15226.0 0.575335
15227.0 0.577243
15228.0 0.579152
15229.0 0.581061
15230.0 0.582970
15231.0 0.584879
15232.0 0.586787
15233.0 0.588696
15234.0 0.590605
15235.0 0.592514
15236.0 0.594422
15237.0 0.596331
15238.0 0.598240
15239.0 0.600149
15240.0 0.602057
15241.0 0.603966
15242.0 0.605875
15243.0 0.607784
15244.0 0.609692
15245.0 0.611601
15246.0 0.613510
15247.0 0.615419
15248.0 0.617327
15249.0 0.619236
15250.0 0.621145
15251.0 0.623054
15252.0 0.624962
15253.0 0.626871
15254.0 0.628780
15255.0 0.630689
15256.0 0.632597
15257.0 0.634506
15258.0 0.636415
15259.0 0.638324
15260.0 0.640232
15261.0 0.642141
15262.0 0.644050
15263.0 0.645959
15264.0 0.647867
15265.0 0.649776
15266.0 0.651685
15267.0 0.653594
15268.0 0.655502
15269.0 0.657411
15270.0 0.659320
15271.0 0.661229
15272.0 0.663137
15273.0 0.665046
15274.0 0.666955
15275.0 0.668864
15276.0 0.670772
15277.0 0.672681
15278.0 0.674590
15279.0 0.676499
15280.0 0.678407
15281.0 0.680316
15282.0 0.682225
15283.0 0.684134
15284.0 0.686042
15285.0 0.687364
15286.0 0.688562
15287.0 0.689759
15288.0 0.690956
15289.0 0.692153
15290.0 0.693350
15291.0 0.694547
15292.0 0.695744
15293.0 0.696942
15294.0 0.698139
15295.0 0.699336
15296.0 0.700533
15297.0 0.701730
15298.0 0.702927
15299.0 0.704125
15300.0 0.705322
15301.0 0.706519
15302.0 0.707716
15303.0 0.708913
15304.0 0.710110
15305.0 0.711307
15306.0 0.712505
15307.0 0.713702
15308.0 0.714899
15309.0 0.716096
15310.0 0.717293
15311.0 0.718490
15312.0 0.719688
15313.0 0.720885
15314.0 0.722082
15315.0 0.723279
15316.0 0.724476
15317.0 0.725673
15318.0 0.726870
15319.0 0.728068
15320.0 0.729265
15321.0 0.730462
15322.0 0.731659
15323.0 0.732856
15324.0 0.734053
15325.0 0.735251
15326.0 0.736448
15327.0 0.737645
15328.0 0.738842
15329.0 0.740039
15330.0 0.741236
15331.0 0.742433
15332.0 0.743631
15333.0 0.744828
15334.0 0.746025
15335.0 0.747222
15336.0 0.748419
15337.0 0.749616
15338.0 0.750814
15339.0 0.752011
15340.0 0.753208
15341.0 0.754405
15342.0 0.755602
15343.0 0.756799
15344.0 0.757997
15345.0 0.759194
15346.0 0.760391
15347.0 0.761588
15348.0 0.762785
15349.0 0.763982
15350.0 0.765179
15351.0 0.766377
15352.0 0.767574
15353.0 0.768771
15354.0 0.769968
15355.0 0.771165
15356.0 0.772362
15357.0 0.773560
15358.0 0.774757
15359.0 0.775954
15360.0 0.777151
15361.0 0.778348
15362.0 0.779545
15363.0 0.780742
15364.0 0.781940
15365.0 0.783137
15366.0 0.784334
15367.0 0.785531
15368.0 0.786728
15369.0 0.787925
15370.0 0.789123
15371.0 0.790320
15372.0 0.791517
15373.0 0.792714
15374.0 0.793911
15375.0 0.795108
15376.0 0.796305
15377.0 0.797503
15378.0 0.798700
15379.0 0.799897
15380.0 0.801094
15381.0 0.802291
15382.0 0.803488
15383.0 0.804686
15384.0 0.805883
15385.0 0.807080
15386.0 0.808277
15387.0 0.809474
15388.0 0.810671
15389.0 0.811868
15390.0 0.813066
15391.0 0.814263
15392.0 0.815460
15393.0 0.816657
15394.0 0.817854
15395.0 0.818826
15396.0 0.819740
15397.0 0.820654
15398.0 0.821568
15399.0 0.822483
15400.0 0.823397
15401.0 0.824311
15402.0 0.825225
15403.0 0.826139
15404.0 0.827053
15405.0 0.827967
15406.0 0.828881
15407.0 0.829795
15408.0 0.830709
15409.0 0.831623
15410.0 0.832537
15411.0 0.833451
15412.0 0.834365
15413.0 0.835279
15414.0 0.836193
15415.0 0.837107
15416.0 0.838021
15417.0 0.838935
15418.0 0.839849
15419.0 0.840763
15420.0 0.841677
15421.0 0.842591
15422.0 0.843505
15423.0 0.844419
15424.0 0.845333
15425.0 0.846247
15426.0 0.847161
15427.0 0.848075
15428.0 0.848989
15429.0 0.849903
15430.0 0.850817
15431.0 0.851731
15432.0 0.852645
15433.0 0.853559
15434.0 0.854473
15435.0 0.855387
15436.0 0.856301
15437.0 0.857215
15438.0 0.858129
15439.0 0.859043
15440.0 0.859957
15441.0 0.860871
15442.0 0.861785
15443.0 0.862699
15444.0 0.863613
15445.0 0.864527
15446.0 0.865442
15447.0 0.866356
15448.0 0.867270
15449.0 0.868184
15450.0 0.869098
15451.0 0.870012
15452.0 0.870926
15453.0 0.871840
15454.0 0.872754
15455.0 0.873668
15456.0 0.874582
15457.0 0.875496
15458.0 0.876410
15459.0 0.877324
15460.0 0.878238
15461.0 0.879152
15462.0 0.880066
15463.0 0.880980
15464.0 0.881894
15465.0 0.882560
15466.0 0.883155
15467.0 0.883750
15468.0 0.884345
15469.0 0.884940
15470.0 0.885535
15471.0 0.886130
15472.0 0.886725
15473.0 0.887320
15474.0 0.887914
15475.0 0.888509
15476.0 0.889104
15477.0 0.889699
15478.0 0.890294
15479.0 0.890889
15480.0 0.891484
15481.0 0.892079
15482.0 0.892674
15483.0 0.893268
15484.0 0.893863
15485.0 0.894458
15486.0 0.895053
15487.0 0.895648
15488.0 0.896243
15489.0 0.896838
15490.0 0.897433
15491.0 0.898028
15492.0 0.898623
15493.0 0.899217
15494.0 0.899812
15495.0 0.900407
15496.0 0.901002
15497.0 0.901597
15498.0 0.902192
15499.0 0.902787
15500.0 0.903382
15501.0 0.903977
15502.0 0.904572
15503.0 0.905166
15504.0 0.905761
15505.0 0.906356
15506.0 0.906951
15507.0 0.907546
15508.0 0.908141
15509.0 0.908736
15510.0 0.909331
15511.0 0.909926
15512.0 0.910520
15513.0 0.911115
15514.0 0.911710
15515.0 0.912081
15516.0 0.912382
15517.0 0.912683
15518.0 0.912984
15519.0 0.913285
15520.0 0.913585
15521.0 0.913886
15522.0 0.914187
15523.0 0.914488
15524.0 0.914789
15525.0 0.915090
15526.0 0.915391
15527.0 0.915692
15528.0 0.915992
15529.0 0.916293
15530.0 0.916594
15531.0 0.916895
15532.0 0.917196
15533.0 0.917497
15534.0 0.917798
15535.0 0.918098
15536.0 0.918399
15537.0 0.918700
15538.0 0.919001
15539.0 0.919302
15540.0 0.919603
15541.0 0.919904
15542.0 0.920205
15543.0 0.920505
15544.0 0.920806
15545.0 0.921107
15546.0 0.921408
15547.0 0.921709
15548.0 0.922010
15549.0 0.922311
15550.0 0.922611
15551.0 0.922912
15552.0 0.923213
15553.0 0.923514
15554.0 0.923815
15555.0 0.924116
15556.0 0.924417
15557.0 0.924718
15558.0 0.925018
15559.0 0.925319
15560.0 0.925620
15561.0 0.925921
15562.0 0.926222
15563.0 0.926523
15564.0 0.926824
15565.0 0.926919
15566.0 0.926946
15567.0 0.926973
15568.0 0.927000
15569.0 0.927027
15570.0 0.927054
15571.0 0.927080
15572.0 0.927107
15573.0 0.927134
15574.0 0.927161
15575.0 0.927188
15576.0 0.927215
15577.0 0.927241
15578.0 0.927268
15579.0 0.927295
15580.0 0.927322
15581.0 0.927349
15582.0 0.927376
15583.0 0.927402
15584.0 0.927429
15585.0 0.927456
15586.0 0.927483
15587.0 0.927510
15588.0 0.927537
15589.0 0.927563
15590.0 0.927590
15591.0 0.927617
15592.0 0.927644
15593.0 0.927671
15594.0 0.927698
15595.0 0.927724
15596.0 0.927751
15597.0 0.927778
15598.0 0.927805
15599.0 0.927832
15600.0 0.927859
15601.0 0.927886
15602.0 0.927912
15603.0 0.927939
15604.0 0.927966
15605.0 0.927993
15606.0 0.928020
15607.0 0.928047
15608.0 0.928073
15609.0 0.928100
15610.0 0.928127
15611.0 0.928154
15612.0 0.928181
15613.0 0.928208
15614.0 0.928234
15615.0 0.928261
15616.0 0.928288
15617.0 0.928315
15618.0 0.928342
15619.0 0.928369
15620.0 0.928395
15621.0 0.928422
15622.0 0.928449
15623.0 0.928476
15624.0 0.928503
15625.0 0.928530
15626.0 0.928556
15627.0 0.928583
15628.0 0.928610
15629.0 0.928637
15630.0 0.928664
15631.0 0.928691
15632.0 0.928717
15633.0 0.928744
15634.0 0.928771
15635.0 0.928798
15636.0 0.928825
15637.0 0.928852
15638.0 0.928879
15639.0 0.928905
15640.0 0.928932
15641.0 0.928959
15642.0 0.928986
15643.0 0.929013
15644.0 0.929040
15645.0 0.929066
15646.0 0.929093
15647.0 0.929120
15648.0 0.929147
15649.0 0.929174
15650.0 0.929201
15651.0 0.929227
15652.0 0.929254
15653.0 0.929281
15654.0 0.929308
15655.0 0.928731
15656.0 0.927923
15657.0 0.927116
15658.0 0.926308
15659.0 0.925501
15660.0 0.924693
15661.0 0.923886
15662.0 0.923078
15663.0 0.922270
15664.0 0.921463
15665.0 0.920655
15666.0 0.919848
15667.0 0.919040
15668.0 0.918233
15669.0 0.917425
15670.0 0.916618
15671.0 0.915810
15672.0 0.915003
15673.0 0.914195
15674.0 0.913388
15675.0 0.912580
15676.0 0.911773
15677.0 0.910965
15678.0 0.910157
15679.0 0.909350
15680.0 0.908542
15681.0 0.907735
15682.0 0.906927
15683.0 0.906120
15684.0 0.905312
15685.0 0.904505
15686.0 0.903697
15687.0 0.902890
15688.0 0.902082
15689.0 0.901275
15690.0 0.900467
15691.0 0.899660
15692.0 0.898852
15693.0 0.898044
15694.0 0.897237
15695.0 0.896429
15696.0 0.895622
15697.0 0.894814
15698.0 0.894007
15699.0 0.893199
15700.0 0.892392
15701.0 0.891584
15702.0 0.890777
15703.0 0.889969
15704.0 0.889162
15705.0 0.888354
15706.0 0.887547
15707.0 0.886739
15708.0 0.885931
15709.0 0.885124
15710.0 0.884316
15711.0 0.883509
15712.0 0.882701
15713.0 0.881894
15714.0 0.881086
15715.0 0.880279
15716.0 0.879471
15717.0 0.878664
15718.0 0.877856
15719.0 0.877049
15720.0 0.876241
15721.0 0.875434
15722.0 0.874626
15723.0 0.873818
15724.0 0.873011
15725.0 0.872545
15726.0 0.872223
15727.0 0.871900
15728.0 0.871578
15729.0 0.871255
15730.0 0.870933
15731.0 0.870610
15732.0 0.870288
15733.0 0.869965
15734.0 0.869643
15735.0 0.869321
15736.0 0.868998
15737.0 0.868676
15738.0 0.868353
15739.0 0.868031
15740.0 0.867708
15741.0 0.867386
15742.0 0.867063
15743.0 0.866741
15744.0 0.866418
15745.0 0.866096
15746.0 0.865773
15747.0 0.865451
15748.0 0.865128
15749.0 0.864806
15750.0 0.864483
15751.0 0.864161
15752.0 0.863838
15753.0 0.863516
15754.0 0.863193
15755.0 0.862871
15756.0 0.862548
15757.0 0.862226
15758.0 0.861903
15759.0 0.861581
15760.0 0.861258
15761.0 0.860936
15762.0 0.860614
15763.0 0.860291
15764.0 0.859969
15765.0 0.859646
15766.0 0.859324
15767.0 0.859001
15768.0 0.858679
15769.0 0.858356
15770.0 0.858034
15771.0 0.857711
15772.0 0.857389
15773.0 0.857066
15774.0 0.856744
15775.0 0.856943
15776.0 0.857375
15777.0 0.857807
15778.0 0.858240
15779.0 0.858672
15780.0 0.859104
15781.0 0.859536
15782.0 0.859968
15783.0 0.860400
15784.0 0.860833
15785.0 0.861265
15786.0 0.861697
15787.0 0.862129
15788.0 0.862561
15789.0 0.862993
15790.0 0.863426
15791.0 0.863858
15792.0 0.864290
15793.0 0.864722
15794.0 0.865154
15795.0 0.865587
15796.0 0.866019
15797.0 0.866451
15798.0 0.866883
15799.0 0.867315
15800.0 0.867747
15801.0 0.868180
15802.0 0.868612
15803.0 0.869044
15804.0 0.869476
15805.0 0.869908
15806.0 0.870341
15807.0 0.870773
15808.0 0.871205
15809.0 0.871637
15810.0 0.872069
15811.0 0.872501
15812.0 0.872934
15813.0 0.873366
15814.0 0.873798
15815.0 0.874230
15816.0 0.874662
15817.0 0.875094
15818.0 0.875527
15819.0 0.875959
15820.0 0.876391
15821.0 0.876823
15822.0 0.877255
15823.0 0.877688
15824.0 0.878120
15825.0 0.878552
15826.0 0.878984
15827.0 0.879416
15828.0 0.879848
15829.0 0.880281
15830.0 0.880713
15831.0 0.881145
15832.0 0.881577
15833.0 0.882009
15834.0 0.882442
15835.0 0.882848
15836.0 0.883243
15837.0 0.883638
15838.0 0.884032
15839.0 0.884427
15840.0 0.884822
15841.0 0.885216
15842.0 0.885611
15843.0 0.886006
15844.0 0.886400
15845.0 0.886795
15846.0 0.887190
15847.0 0.887584
15848.0 0.887979
15849.0 0.888374
15850.0 0.888768
15851.0 0.889163
15852.0 0.889558
15853.0 0.889952
15854.0 0.890347
15855.0 0.890742
15856.0 0.891136
15857.0 0.891531
15858.0 0.891926
15859.0 0.892320
15860.0 0.892715
15861.0 0.893110
15862.0 0.893504
15863.0 0.893899
15864.0 0.894293
15865.0 0.894688
15866.0 0.895083
15867.0 0.895477
15868.0 0.895872
15869.0 0.896267
15870.0 0.896661
15871.0 0.897056
15872.0 0.897451
15873.0 0.897845
15874.0 0.898240
15875.0 0.898635
15876.0 0.899029
15877.0 0.899424
15878.0 0.899819
15879.0 0.900213
15880.0 0.900608
15881.0 0.901003
15882.0 0.901397
15883.0 0.901792
15884.0 0.902187
15885.0 0.902581
15886.0 0.902976
15887.0 0.903371
15888.0 0.903765
15889.0 0.904160
15890.0 0.904555
15891.0 0.904949
15892.0 0.905344
15893.0 0.905739
15894.0 0.906133
15895.0 0.906528
15896.0 0.906923
15897.0 0.907317
15898.0 0.907712
15899.0 0.908107
15900.0 0.908501
15901.0 0.908896
15902.0 0.909291
15903.0 0.909685
15904.0 0.910080
15905.0 0.910475
15906.0 0.910869
15907.0 0.911264
15908.0 0.911659
15909.0 0.912053
15910.0 0.912448
15911.0 0.912843
15912.0 0.913237
15913.0 0.913632
15914.0 0.914026
15915.0 0.914421
15916.0 0.914816
15917.0 0.915210
15918.0 0.915605
15919.0 0.916000
15920.0 0.916394
15921.0 0.916789
15922.0 0.917184
15923.0 0.917578
15924.0 0.917973
15925.0 0.918222
15926.0 0.918394
15927.0 0.918565
15928.0 0.918737
15929.0 0.918908
15930.0 0.919079
15931.0 0.919251
15932.0 0.919422
15933.0 0.919593
15934.0 0.919765
15935.0 0.919936
15936.0 0.920107
15937.0 0.920279
15938.0 0.920450
15939.0 0.920621
15940.0 0.920793
15941.0 0.920964
15942.0 0.921136
15943.0 0.921307
15944.0 0.921478
15945.0 0.921650
15946.0 0.921821
15947.0 0.921992
15948.0 0.922164
15949.0 0.922335
15950.0 0.922506
15951.0 0.922678
15952.0 0.922849
15953.0 0.923021
15954.0 0.923192
15955.0 0.923363
15956.0 0.923535
15957.0 0.923706
15958.0 0.923877
15959.0 0.924049
15960.0 0.924220
15961.0 0.924391
15962.0 0.924563
15963.0 0.924734
15964.0 0.924905
15965.0 0.925077
15966.0 0.925248
15967.0 0.925420
15968.0 0.925591
15969.0 0.925762
15970.0 0.925934
15971.0 0.926105
15972.0 0.926276
15973.0 0.926448
15974.0 0.926619
15975.0 0.926439
15976.0 0.926057
15977.0 0.925676
15978.0 0.925295
15979.0 0.924914
15980.0 0.924533
15981.0 0.924152
15982.0 0.923771
15983.0 0.923390
15984.0 0.923009
15985.0 0.922627
15986.0 0.922246
15987.0 0.921865
15988.0 0.921484
15989.0 0.921103
15990.0 0.920722
15991.0 0.920341
15992.0 0.919960
15993.0 0.919579
15994.0 0.919197
15995.0 0.918816
15996.0 0.918435
15997.0 0.918054
15998.0 0.917673
15999.0 0.917292
16000.0 0.916911
16001.0 0.916530
16002.0 0.916149
16003.0 0.915768
16004.0 0.915386
16005.0 0.915005
16006.0 0.914624
16007.0 0.914243
16008.0 0.913862
16009.0 0.913481
16010.0 0.913100
16011.0 0.912719
16012.0 0.912338
16013.0 0.911956
16014.0 0.911575
16015.0 0.911194
16016.0 0.910813
16017.0 0.910432
16018.0 0.910051
16019.0 0.909670
16020.0 0.909289
16021.0 0.908908
16022.0 0.908526
16023.0 0.908145
16024.0 0.907764
16025.0 0.907725
16026.0 0.907892
16027.0 0.908059
16028.0 0.908226
16029.0 0.908393
16030.0 0.908560
16031.0 0.908727
16032.0 0.908894
16033.0 0.909061
16034.0 0.909228
16035.0 0.909395
16036.0 0.909562
16037.0 0.909729
16038.0 0.909896
16039.0 0.910064
16040.0 0.910231
16041.0 0.910398
16042.0 0.910565
16043.0 0.910732
16044.0 0.910899
16045.0 0.911066
16046.0 0.911233
16047.0 0.911400
16048.0 0.911567
16049.0 0.911734
16050.0 0.911901
16051.0 0.912068
16052.0 0.912235
16053.0 0.912402
16054.0 0.912569
16055.0 0.912736
16056.0 0.912903
16057.0 0.913070
16058.0 0.913237
16059.0 0.913405
16060.0 0.913572
16061.0 0.913739
16062.0 0.913906
16063.0 0.914073
16064.0 0.914240
16065.0 0.914407
16066.0 0.914574
16067.0 0.914741
16068.0 0.914908
16069.0 0.915075
16070.0 0.915242
16071.0 0.915409
16072.0 0.915576
16073.0 0.915743
16074.0 0.915910
16075.0 0.916077
16076.0 0.916244
16077.0 0.916411
16078.0 0.916578
16079.0 0.916746
16080.0 0.916913
16081.0 0.917080
16082.0 0.917247
16083.0 0.917414
16084.0 0.917581
16085.0 0.917748
16086.0 0.917915
16087.0 0.918082
16088.0 0.918249
16089.0 0.918416
16090.0 0.918583
16091.0 0.918750
16092.0 0.918917
16093.0 0.919084
16094.0 0.919251
16095.0 0.919418
16096.0 0.919585
16097.0 0.919752
16098.0 0.919920
16099.0 0.920087
16100.0 0.920254
16101.0 0.920421
16102.0 0.920588
16103.0 0.920755
16104.0 0.920922
16105.0 0.921089
16106.0 0.921256
16107.0 0.921423
16108.0 0.921590
16109.0 0.921757
16110.0 0.921924
16111.0 0.922091
16112.0 0.922258
16113.0 0.922425
16114.0 0.922592
16115.0 0.922759
16116.0 0.922926
16117.0 0.923093
16118.0 0.923261
16119.0 0.923428
16120.0 0.923595
16121.0 0.923762
16122.0 0.923929
16123.0 0.924096
16124.0 0.924263
16125.0 0.924430
16126.0 0.924597
16127.0 0.924764
16128.0 0.924931
16129.0 0.925098
16130.0 0.925265
16131.0 0.925432
16132.0 0.925599
16133.0 0.925766
16134.0 0.925933
16135.0 0.925947
16136.0 0.925856
16137.0 0.925765
16138.0 0.925673
16139.0 0.925582
16140.0 0.925491
16141.0 0.925399
16142.0 0.925308
16143.0 0.925217
16144.0 0.925126
16145.0 0.925034
16146.0 0.924943
16147.0 0.924852
16148.0 0.924760
16149.0 0.924669
16150.0 0.924578
16151.0 0.924487
16152.0 0.924395
16153.0 0.924304
16154.0 0.924213
16155.0 0.924122
16156.0 0.924030
16157.0 0.923939
16158.0 0.923848
16159.0 0.923756
16160.0 0.923665
16161.0 0.923574
16162.0 0.923483
16163.0 0.923391
16164.0 0.923300
16165.0 0.923209
16166.0 0.923117
16167.0 0.923026
16168.0 0.922935
16169.0 0.922844
16170.0 0.922752
16171.0 0.922661
16172.0 0.922570
16173.0 0.922479
16174.0 0.922387
16175.0 0.922296
16176.0 0.922205
16177.0 0.922113
16178.0 0.922022
16179.0 0.921931
16180.0 0.921840
16181.0 0.921748
16182.0 0.921657
16183.0 0.921566
16184.0 0.921474
16185.0 0.921383
16186.0 0.921292
16187.0 0.921201
16188.0 0.921109
16189.0 0.921018
16190.0 0.920927
16191.0 0.920836
16192.0 0.920744
16193.0 0.920653
16194.0 0.920562
16195.0 0.920547
16196.0 0.920588
16197.0 0.920629
16198.0 0.920670
16199.0 0.920711
16200.0 0.920752
16201.0 0.920794
16202.0 0.920835
16203.0 0.920876
16204.0 0.920917
16205.0 0.920958
16206.0 0.920999
16207.0 0.921040
16208.0 0.921081
16209.0 0.921123
16210.0 0.921164
16211.0 0.921205
16212.0 0.921246
16213.0 0.921287
16214.0 0.921328
16215.0 0.921369
16216.0 0.921410
16217.0 0.921452
16218.0 0.921493
16219.0 0.921534
16220.0 0.921575
16221.0 0.921616
16222.0 0.921657
16223.0 0.921698
16224.0 0.921739
16225.0 0.921781
16226.0 0.921822
16227.0 0.921863
16228.0 0.921904
16229.0 0.921945
16230.0 0.921986
16231.0 0.922027
16232.0 0.922068
16233.0 0.922109
16234.0 0.922151
16235.0 0.922192
16236.0 0.922233
16237.0 0.922274
16238.0 0.922315
16239.0 0.922356
16240.0 0.922397
16241.0 0.922438
16242.0 0.922480
16243.0 0.922521
16244.0 0.922562
16245.0 0.922603
16246.0 0.922644
16247.0 0.922685
16248.0 0.922726
16249.0 0.922767
16250.0 0.922809
16251.0 0.922850
16252.0 0.922891
16253.0 0.922932
16254.0 0.922973
16255.0 0.923014
16256.0 0.923055
16257.0 0.923096
16258.0 0.923138
16259.0 0.923179
16260.0 0.923220
16261.0 0.923261
16262.0 0.923302
16263.0 0.923343
16264.0 0.923384
16265.0 0.923425
16266.0 0.923467
16267.0 0.923508
16268.0 0.923549
16269.0 0.923590
16270.0 0.923631
16271.0 0.923672
16272.0 0.923713
16273.0 0.923754
16274.0 0.923796
16275.0 0.923837
16276.0 0.923878
16277.0 0.923919
16278.0 0.923960
16279.0 0.924001
16280.0 0.924042
16281.0 0.924083
16282.0 0.924125
16283.0 0.924166
16284.0 0.924207
16285.0 0.924218
16286.0 0.924205
16287.0 0.924191
16288.0 0.924178
16289.0 0.924165
16290.0 0.924151
16291.0 0.924138
16292.0 0.924125
16293.0 0.924111
16294.0 0.924098
16295.0 0.924085
16296.0 0.924072
16297.0 0.924058
16298.0 0.924045
16299.0 0.924032
16300.0 0.924018
16301.0 0.924005
16302.0 0.923992
16303.0 0.923978
16304.0 0.923965
16305.0 0.923952
16306.0 0.923939
16307.0 0.923925
16308.0 0.923912
16309.0 0.923899
16310.0 0.923885
16311.0 0.923872
16312.0 0.923859
16313.0 0.923846
16314.0 0.923832
16315.0 0.923819
16316.0 0.923806
16317.0 0.923792
16318.0 0.923779
16319.0 0.923766
16320.0 0.923752
16321.0 0.923739
16322.0 0.923726
16323.0 0.923713
16324.0 0.923699
16325.0 0.923686
16326.0 0.923673
16327.0 0.923659
16328.0 0.923646
16329.0 0.923633
16330.0 0.923619
16331.0 0.923606
16332.0 0.923593
16333.0 0.923580
16334.0 0.923566
16335.0 0.923669
16336.0 0.923872
16337.0 0.924075
16338.0 0.924278
16339.0 0.924481
16340.0 0.924683
16341.0 0.924886
16342.0 0.925089
16343.0 0.925292
16344.0 0.925495
16345.0 0.925697
16346.0 0.925900
16347.0 0.926103
16348.0 0.926306
16349.0 0.926508
16350.0 0.926711
16351.0 0.926914
16352.0 0.927117
16353.0 0.927320
16354.0 0.927522
16355.0 0.927725
16356.0 0.927928
16357.0 0.928131
16358.0 0.928334
16359.0 0.928536
16360.0 0.928739
16361.0 0.928942
16362.0 0.929145
16363.0 0.929347
16364.0 0.929550
16365.0 0.929753
16366.0 0.929956
16367.0 0.930159
16368.0 0.930361
16369.0 0.930564
16370.0 0.930767
16371.0 0.930970
16372.0 0.931172
16373.0 0.931375
16374.0 0.931578
16375.0 0.931781
16376.0 0.931984
16377.0 0.932186
16378.0 0.932389
16379.0 0.932592
16380.0 0.932795
16381.0 0.932998
16382.0 0.933200
16383.0 0.933403
16384.0 0.933606
16385.0 0.933809
16386.0 0.934011
16387.0 0.934214
16388.0 0.934417
16389.0 0.934620
16390.0 0.934823
16391.0 0.935025
16392.0 0.935228
16393.0 0.935431
16394.0 0.935634
16395.0 0.935837
16396.0 0.936039
16397.0 0.936242
16398.0 0.936445
16399.0 0.936648
16400.0 0.936850
16401.0 0.937053
16402.0 0.937256
16403.0 0.937459
16404.0 0.937662
16405.0 0.937864
16406.0 0.938067
16407.0 0.938270
16408.0 0.938473
16409.0 0.938675
16410.0 0.938878
16411.0 0.939081
16412.0 0.939284
16413.0 0.939487
16414.0 0.939689
16415.0 0.939892
16416.0 0.940095
16417.0 0.940298
16418.0 0.940501
16419.0 0.940703
16420.0 0.940906
16421.0 0.941109
16422.0 0.941312
16423.0 0.941514
16424.0 0.941717
16425.0 0.941879
16426.0 0.942001
16427.0 0.942123
16428.0 0.942246
16429.0 0.942368
16430.0 0.942491
16431.0 0.942613
16432.0 0.942736
16433.0 0.942858
16434.0 0.942980
16435.0 0.943103
16436.0 0.943225
16437.0 0.943348
16438.0 0.943470
16439.0 0.943592
16440.0 0.943715
16441.0 0.943837
16442.0 0.943960
16443.0 0.944082
16444.0 0.944204
16445.0 0.944327
16446.0 0.944449
16447.0 0.944572
16448.0 0.944694
16449.0 0.944816
16450.0 0.944939
16451.0 0.945061
16452.0 0.945184
16453.0 0.945306
16454.0 0.945428
16455.0 0.945551
16456.0 0.945673
16457.0 0.945796
16458.0 0.945918
16459.0 0.946040
16460.0 0.946163
16461.0 0.946285
16462.0 0.946408
16463.0 0.946530
16464.0 0.946652
16465.0 0.946775
16466.0 0.946897
16467.0 0.947020
16468.0 0.947142
16469.0 0.947264
16470.0 0.947387
16471.0 0.947509
16472.0 0.947632
16473.0 0.947754
16474.0 0.947876
16475.0 0.947999
16476.0 0.948121
16477.0 0.948244
16478.0 0.948366
16479.0 0.948488
16480.0 0.948611
16481.0 0.948733
16482.0 0.948856
16483.0 0.948978
16484.0 0.949100
16485.0 0.949336
16486.0 0.949687
16487.0 0.950037
16488.0 0.950387
16489.0 0.950737
16490.0 0.951087
16491.0 0.951437
16492.0 0.951788
16493.0 0.952138
16494.0 0.952488
16495.0 0.952838
16496.0 0.953188
16497.0 0.953539
16498.0 0.953889
16499.0 0.954239
16500.0 0.954589
16501.0 0.954939
16502.0 0.955289
16503.0 0.955640
16504.0 0.955990
16505.0 0.956340
16506.0 0.956690
16507.0 0.957040
16508.0 0.957391
16509.0 0.957741
16510.0 0.958091
16511.0 0.958441
16512.0 0.958791
16513.0 0.959141
16514.0 0.959492
16515.0 0.959842
16516.0 0.960192
16517.0 0.960542
16518.0 0.960892
16519.0 0.961243
16520.0 0.961593
16521.0 0.961943
16522.0 0.962293
16523.0 0.962643
16524.0 0.962993
16525.0 0.963344
16526.0 0.963694
16527.0 0.964044
16528.0 0.964394
16529.0 0.964744
16530.0 0.965095
16531.0 0.965445
16532.0 0.965795
16533.0 0.966145
16534.0 0.966495
16535.0 0.966845
16536.0 0.967196
16537.0 0.967546
16538.0 0.967896
16539.0 0.968246
16540.0 0.968596
16541.0 0.968947
16542.0 0.969297
16543.0 0.969647
16544.0 0.969997
16545.0 0.970347
16546.0 0.970697
16547.0 0.971048
16548.0 0.971398
16549.0 0.971748
16550.0 0.972098
16551.0 0.972448
16552.0 0.972799
16553.0 0.973149
16554.0 0.973499
16555.0 0.973849
16556.0 0.974199
16557.0 0.974549
16558.0 0.974900
16559.0 0.975250
16560.0 0.975600
16561.0 0.975950
16562.0 0.976300
16563.0 0.976651
16564.0 0.977001
16565.0 0.977351
16566.0 0.977701
16567.0 0.978051
16568.0 0.978401
16569.0 0.978752
16570.0 0.979102
16571.0 0.979452
16572.0 0.979802
16573.0 0.980152
16574.0 0.980503
16575.0 0.980997
16576.0 0.981651
16577.0 0.982305
16578.0 0.982959
16579.0 0.983613
16580.0 0.984267
16581.0 0.984922
16582.0 0.985576
16583.0 0.986230
16584.0 0.986884
16585.0 0.987538
16586.0 0.988192
16587.0 0.988846
16588.0 0.989501
16589.0 0.990155
16590.0 0.990809
16591.0 0.991463
16592.0 0.992117
16593.0 0.992771
16594.0 0.993425
16595.0 0.993798
16596.0 0.993850
16597.0 0.993902
16598.0 0.993954
16599.0 0.994006
16600.0 0.994058
16601.0 0.994110
16602.0 0.994162
16603.0 0.994215
16604.0 0.994267
16605.0 0.994319
16606.0 0.994371
16607.0 0.994423
16608.0 0.994475
16609.0 0.994527
16610.0 0.994579
16611.0 0.994632
16612.0 0.994684
16613.0 0.994736
16614.0 0.994788
16615.0 0.994840
16616.0 0.994892
16617.0 0.994944
16618.0 0.994996
16619.0 0.995049
16620.0 0.995101
16621.0 0.995153
16622.0 0.995205
16623.0 0.995257
16624.0 0.995309
16625.0 0.995361
16626.0 0.995413
16627.0 0.995466
16628.0 0.995518
16629.0 0.995570
16630.0 0.995622
16631.0 0.995674
16632.0 0.995726
16633.0 0.995778
16634.0 0.995830
16635.0 0.995882
16636.0 0.995935
16637.0 0.995987
16638.0 0.996039
16639.0 0.996091
16640.0 0.996143
16641.0 0.996195
16642.0 0.996247
16643.0 0.996299
16644.0 0.996352
16645.0 0.996404
16646.0 0.996456
16647.0 0.996508
16648.0 0.996560
16649.0 0.996612
16650.0 0.996664
16651.0 0.996716
16652.0 0.996769
16653.0 0.996821
16654.0 0.996873
16655.0 0.996925
16656.0 0.996977
16657.0 0.997029
16658.0 0.997081
16659.0 0.997133
16660.0 0.997185
16661.0 0.997238
16662.0 0.997290
16663.0 0.997342
16664.0 0.997394
16665.0 0.997446
16666.0 0.997498
16667.0 0.997550
16668.0 0.997602
16669.0 0.997655
16670.0 0.997707
16671.0 0.997759
16672.0 0.997811
16673.0 0.997863
16674.0 0.997915
16675.0 0.997967
16676.0 0.998019
16677.0 0.998072
16678.0 0.998124
16679.0 0.998176
16680.0 0.998228
16681.0 0.998280
16682.0 0.998332
16683.0 0.998384
16684.0 0.998436
16685.0 0.998489
16686.0 0.998541
16687.0 0.998593
16688.0 0.998645
16689.0 0.998697
16690.0 0.998749
16691.0 0.998801
16692.0 0.998853
16693.0 0.998905
16694.0 0.998958
16695.0 0.999010
16696.0 0.999062
16697.0 0.999114
16698.0 0.999166
16699.0 0.999218
16700.0 0.999270
16701.0 0.999322
16702.0 0.999375
16703.0 0.999427
16704.0 0.999479
16705.0 0.999531
16706.0 0.999583
16707.0 0.999635
16708.0 0.999687
16709.0 0.999739
16710.0 0.999792
16711.0 0.999844
16712.0 0.999896
16713.0 0.999948
16714.0 1.000000
16715.0 0.999882
16716.0 0.999544
16717.0 0.999206
16718.0 0.998868
16719.0 0.998530
16720.0 0.998192
16721.0 0.997854
16722.0 0.997516
16723.0 0.997178
16724.0 0.996840
16725.0 0.996502
16726.0 0.996164
16727.0 0.995826
16728.0 0.995488
16729.0 0.995150
16730.0 0.994812
16731.0 0.994475
16732.0 0.994137
16733.0 0.993799
16734.0 0.993461
16735.0 0.993123
16736.0 0.992785
16737.0 0.992447
16738.0 0.992109
16739.0 0.991771
16740.0 0.991433
16741.0 0.991095
16742.0 0.990757
16743.0 0.990419
16744.0 0.990081
16745.0 0.989743
16746.0 0.989405
16747.0 0.989067
16748.0 0.988729
16749.0 0.988391
16750.0 0.988053
16751.0 0.987715
16752.0 0.987377
16753.0 0.987039
16754.0 0.986701
16755.0 0.986363
16756.0 0.986025
16757.0 0.985687
16758.0 0.985349
16759.0 0.985011
16760.0 0.984673
16761.0 0.984335
16762.0 0.983997
16763.0 0.983659
16764.0 0.983321
16765.0 0.982983
16766.0 0.982645
16767.0 0.982307
16768.0 0.981969
16769.0 0.981631
16770.0 0.981293
16771.0 0.980955
16772.0 0.980617
16773.0 0.980279
16774.0 0.979941
16775.0 0.979603
16776.0 0.979265
16777.0 0.978927
16778.0 0.978589
16779.0 0.978251
16780.0 0.977914
16781.0 0.977576
16782.0 0.977238
16783.0 0.976900
16784.0 0.976562
16785.0 0.976224
16786.0 0.975886
16787.0 0.975548
16788.0 0.975210
16789.0 0.974872
16790.0 0.974534
16791.0 0.974196
16792.0 0.973858
16793.0 0.973520
16794.0 0.973182
16795.0 0.972844
16796.0 0.972506
16797.0 0.972168
16798.0 0.971830
16799.0 0.971492
16800.0 0.971154
16801.0 0.970816
16802.0 0.970478
16803.0 0.970140
16804.0 0.969802
16805.0 0.969464
16806.0 0.969126
16807.0 0.968788
16808.0 0.968450
16809.0 0.968112
16810.0 0.967774
16811.0 0.967436
16812.0 0.967098
16813.0 0.966760
16814.0 0.966422
16815.0 0.966084
16816.0 0.965746
16817.0 0.965408
16818.0 0.965070
16819.0 0.964732
16820.0 0.964394
16821.0 0.964056
16822.0 0.963718
16823.0 0.963380
16824.0 0.963042
16825.0 0.962704
16826.0 0.962366
16827.0 0.962028
16828.0 0.961690
16829.0 0.961353
16830.0 0.961015
16831.0 0.960677
16832.0 0.960339
16833.0 0.960001
16834.0 0.959663
16835.0 0.959325
16836.0 0.958987
16837.0 0.958649
16838.0 0.958311
16839.0 0.957973
16840.0 0.957635
16841.0 0.957297
16842.0 0.956959
16843.0 0.956621
16844.0 0.956283
16845.0 0.956005
16846.0 0.955817
16847.0 0.955629
16848.0 0.955442
16849.0 0.955254
16850.0 0.955066
16851.0 0.954878
16852.0 0.954690
16853.0 0.954502
16854.0 0.954315
16855.0 0.954127
16856.0 0.953939
16857.0 0.953751
16858.0 0.953563
16859.0 0.953376
16860.0 0.953188
16861.0 0.953000
16862.0 0.952812
16863.0 0.952624
16864.0 0.952436
16865.0 0.952249
16866.0 0.952061
16867.0 0.951873
16868.0 0.951685
16869.0 0.951497
16870.0 0.951310
16871.0 0.951122
16872.0 0.950934
16873.0 0.950746
16874.0 0.950558
16875.0 0.950371
16876.0 0.950183
16877.0 0.949995
16878.0 0.949807
16879.0 0.949619
16880.0 0.949431
16881.0 0.949244
16882.0 0.949056
16883.0 0.948868
16884.0 0.948680
16885.0 0.948492
16886.0 0.948305
16887.0 0.948117
16888.0 0.947929
16889.0 0.947741
16890.0 0.947553
16891.0 0.947366
16892.0 0.947178
16893.0 0.946990
16894.0 0.946802
16895.0 0.946614
16896.0 0.946426
16897.0 0.946239
16898.0 0.946051
16899.0 0.945863
16900.0 0.945675
16901.0 0.945487
16902.0 0.945300
16903.0 0.945112
16904.0 0.944924
16905.0 0.944736
16906.0 0.944548
16907.0 0.944361
16908.0 0.944173
16909.0 0.943985
16910.0 0.943797
16911.0 0.943609
16912.0 0.943421
16913.0 0.943234
16914.0 0.943046
16915.0 0.942858
16916.0 0.942670
16917.0 0.942482
16918.0 0.942295
16919.0 0.942107
16920.0 0.941919
16921.0 0.941731
16922.0 0.941543
16923.0 0.941356
16924.0 0.941168
16925.0 0.940980
16926.0 0.940792
16927.0 0.940604
16928.0 0.940416
16929.0 0.940229
16930.0 0.940041
16931.0 0.939853
16932.0 0.939665
16933.0 0.939477
16934.0 0.939290
16935.0 0.939102
16936.0 0.938914
16937.0 0.938726
16938.0 0.938538
16939.0 0.938350
16940.0 0.938163
16941.0 0.937975
16942.0 0.937787
16943.0 0.937599
16944.0 0.937411
16945.0 0.937224
16946.0 0.937036
16947.0 0.936848
16948.0 0.936660
16949.0 0.936472
16950.0 0.936285
16951.0 0.936097
16952.0 0.935909
16953.0 0.935721
16954.0 0.935533
16955.0 0.935345
16956.0 0.935158
16957.0 0.934970
16958.0 0.934782
16959.0 0.934594
16960.0 0.934406
16961.0 0.934219
16962.0 0.934031
16963.0 0.933843
16964.0 0.933655
16965.0 0.933467
16966.0 0.933280
16967.0 0.933092
16968.0 0.932904
16969.0 0.932716
16970.0 0.932528
16971.0 0.932340
16972.0 0.932153
16973.0 0.931965
16974.0 0.931777
16975.0 0.931589
16976.0 0.931401
16977.0 0.931214
16978.0 0.931026
16979.0 0.930838
16980.0 0.930650
16981.0 0.930462
16982.0 0.930275
16983.0 0.930087
16984.0 0.929899
16985.0 0.929711
16986.0 0.929523
16987.0 0.929335
16988.0 0.929148
16989.0 0.928960
16990.0 0.928772
16991.0 0.928584
16992.0 0.928396
16993.0 0.928209
16994.0 0.928021
16995.0 0.927833
16996.0 0.927645
16997.0 0.927457
16998.0 0.927270
16999.0 0.927082
17000.0 0.926894
17001.0 0.926706
17002.0 0.926518
17003.0 0.926330
17004.0 0.926143
17005.0 0.925955
17006.0 0.925767
17007.0 0.925579
17008.0 0.925391
17009.0 0.925204
17010.0 0.925016
17011.0 0.924828
17012.0 0.924640
17013.0 0.924452
17014.0 0.924265
17015.0 0.924290
17016.0 0.924704
17017.0 0.925118
17018.0 0.925532
17019.0 0.925947
17020.0 0.926361
17021.0 0.926775
17022.0 0.927189
17023.0 0.927604
17024.0 0.928018
17025.0 0.928432
17026.0 0.928846
17027.0 0.929260
17028.0 0.929675
17029.0 0.930089
17030.0 0.930503
17031.0 0.930917
17032.0 0.931331
17033.0 0.931746
17034.0 0.932160
17035.0 0.932574
17036.0 0.932988
17037.0 0.933403
17038.0 0.933817
17039.0 0.934231
17040.0 0.934645
17041.0 0.935059
17042.0 0.935474
17043.0 0.935888
17044.0 0.936302
17045.0 0.936716
17046.0 0.937130
17047.0 0.937545
17048.0 0.937959
17049.0 0.938373
17050.0 0.938787
17051.0 0.939202
17052.0 0.939616
17053.0 0.940030
17054.0 0.940444
17055.0 0.940858
17056.0 0.941273
17057.0 0.941687
17058.0 0.942101
17059.0 0.942515
17060.0 0.942929
17061.0 0.943344
17062.0 0.943758
17063.0 0.944172
17064.0 0.944586
17065.0 0.945001
17066.0 0.945415
17067.0 0.945829
17068.0 0.946243
17069.0 0.946657
17070.0 0.947072
17071.0 0.947486
17072.0 0.947900
17073.0 0.948314
17074.0 0.948728
17075.0 0.949143
17076.0 0.949557
17077.0 0.949971
17078.0 0.950385
17079.0 0.950800
17080.0 0.951214
17081.0 0.951628
17082.0 0.952042
17083.0 0.952456
17084.0 0.952871
17085.0 0.953285
17086.0 0.953699
17087.0 0.954113
17088.0 0.954527
17089.0 0.954942
17090.0 0.955356
17091.0 0.955770
17092.0 0.956184
17093.0 0.956599
17094.0 0.957013
17095.0 0.957427
17096.0 0.957841
17097.0 0.958255
17098.0 0.958670
17099.0 0.959084
17100.0 0.959498
17101.0 0.959912
17102.0 0.960326
17103.0 0.960741
17104.0 0.961155
17105.0 0.961569
17106.0 0.961983
17107.0 0.962397
17108.0 0.962812
17109.0 0.963226
17110.0 0.963640
17111.0 0.964054
17112.0 0.964469
17113.0 0.964883
17114.0 0.965297
17115.0 0.965711
17116.0 0.966125
17117.0 0.966540
17118.0 0.966954
17119.0 0.967368
17120.0 0.967782
17121.0 0.968196
17122.0 0.968611
17123.0 0.969025
17124.0 0.969439
17125.0 0.969853
17126.0 0.970268
17127.0 0.970682
17128.0 0.971096
17129.0 0.971510
17130.0 0.971924
17131.0 0.972339
17132.0 0.972753
17133.0 0.973167
17134.0 0.973581
17135.0 0.973995
17136.0 0.974410
17137.0 0.974824
17138.0 0.975238
17139.0 0.975652
17140.0 0.976067
17141.0 0.976481
17142.0 0.976895
17143.0 0.977309
17144.0 0.977723
17145.0 0.978138
17146.0 0.978552
17147.0 0.978966
17148.0 0.979380
17149.0 0.979794
17150.0 0.980209
17151.0 0.980623
17152.0 0.981037
17153.0 0.981451
17154.0 0.981866
17155.0 0.982174
17156.0 0.982253
17157.0 0.982332
17158.0 0.982410
17159.0 0.982489
17160.0 0.982568
17161.0 0.982647
17162.0 0.982726
17163.0 0.982805
17164.0 0.982884
17165.0 0.982963
17166.0 0.983042
17167.0 0.983120
17168.0 0.983199
17169.0 0.983278
17170.0 0.983357
17171.0 0.983436
17172.0 0.983515
17173.0 0.983594
17174.0 0.983673
17175.0 0.983752
17176.0 0.983830
17177.0 0.983909
17178.0 0.983988
17179.0 0.984067
17180.0 0.984146
17181.0 0.984225
17182.0 0.984304
17183.0 0.984383
17184.0 0.984462
17185.0 0.984540
17186.0 0.984619
17187.0 0.984698
17188.0 0.984777
17189.0 0.984856
17190.0 0.984935
17191.0 0.985014
17192.0 0.985093
17193.0 0.985172
17194.0 0.985250
17195.0 0.985329
17196.0 0.985408
17197.0 0.985487
17198.0 0.985566
17199.0 0.985645
17200.0 0.985724
17201.0 0.985803
17202.0 0.985882
17203.0 0.985960
17204.0 0.986039
17205.0 0.986118
17206.0 0.986197
17207.0 0.986276
17208.0 0.986355
17209.0 0.986434
17210.0 0.986513
17211.0 0.986592
17212.0 0.986670
17213.0 0.986749
17214.0 0.986828
17215.0 0.986907
17216.0 0.986986
17217.0 0.987065
17218.0 0.987144
17219.0 0.987223
17220.0 0.987302
17221.0 0.987380
17222.0 0.987459
17223.0 0.987538
17224.0 0.987617
17225.0 0.987696
17226.0 0.987775
17227.0 0.987854
17228.0 0.987933
17229.0 0.988012
17230.0 0.988091
17231.0 0.988169
17232.0 0.988248
17233.0 0.988327
17234.0 0.988406
17235.0 0.988485
17236.0 0.988564
17237.0 0.988643
17238.0 0.988722
17239.0 0.988801
17240.0 0.988879
17241.0 0.988958
17242.0 0.989037
17243.0 0.989116
17244.0 0.989195
17245.0 0.989274
17246.0 0.989353
17247.0 0.989432
17248.0 0.989511
17249.0 0.989589
17250.0 0.989668
17251.0 0.989747
17252.0 0.989826
17253.0 0.989905
17254.0 0.989984
17255.0 0.990063
17256.0 0.990142
17257.0 0.990221
17258.0 0.990299
17259.0 0.990378
17260.0 0.990457
17261.0 0.990536
17262.0 0.990615
17263.0 0.990694
17264.0 0.990773
17265.0 0.990852
17266.0 0.990931
17267.0 0.991009
17268.0 0.991088
17269.0 0.991167
17270.0 0.991246
17271.0 0.991325
17272.0 0.991404
17273.0 0.991483
17274.0 0.991562
17275.0 0.991611
17276.0 0.991587
17277.0 0.991563
17278.0 0.991539
17279.0 0.991514
17280.0 0.991490
17281.0 0.991466
17282.0 0.991442
17283.0 0.991418
17284.0 0.991393
17285.0 0.991369
17286.0 0.991345
17287.0 0.991321
17288.0 0.991297
17289.0 0.991272
17290.0 0.991248
17291.0 0.991224
17292.0 0.991200
17293.0 0.991176
17294.0 0.991151
17295.0 0.991127
17296.0 0.991103
17297.0 0.991079
17298.0 0.991054
17299.0 0.991030
17300.0 0.991006
17301.0 0.990982
17302.0 0.990958
17303.0 0.990933
17304.0 0.990909
17305.0 0.990885
17306.0 0.990861
17307.0 0.990837
17308.0 0.990812
17309.0 0.990788
17310.0 0.990764
17311.0 0.990740
17312.0 0.990716
17313.0 0.990691
17314.0 0.990667
17315.0 0.990643
17316.0 0.990619
17317.0 0.990594
17318.0 0.990570
17319.0 0.990546
17320.0 0.990522
17321.0 0.990498
17322.0 0.990473
17323.0 0.990449
17324.0 0.990425
17325.0 0.990401
17326.0 0.990377
17327.0 0.990352
17328.0 0.990328
17329.0 0.990304
17330.0 0.990280
17331.0 0.990256
17332.0 0.990231
17333.0 0.990207
17334.0 0.990183
17335.0 0.990159
17336.0 0.990134
17337.0 0.990110
17338.0 0.990086
17339.0 0.990062
17340.0 0.990038
17341.0 0.990013
17342.0 0.989989
17343.0 0.989965
17344.0 0.989941
17345.0 0.989917
17346.0 0.989892
17347.0 0.989868
17348.0 0.989844
17349.0 0.989820
17350.0 0.989795
17351.0 0.989771
17352.0 0.989747
17353.0 0.989723
17354.0 0.989699
17355.0 0.989674
17356.0 0.989650
17357.0 0.989626
17358.0 0.989602
17359.0 0.989578
17360.0 0.989553
17361.0 0.989529
17362.0 0.989505
17363.0 0.989481
17364.0 0.989457
17365.0 0.989432
17366.0 0.989408
17367.0 0.989384
17368.0 0.989360
17369.0 0.989335
17370.0 0.989311
17371.0 0.989287
17372.0 0.989263
17373.0 0.989239
17374.0 0.989214
17375.0 0.989190
17376.0 0.989166
17377.0 0.989142
17378.0 0.989118
17379.0 0.989093
17380.0 0.989069
17381.0 0.989045
17382.0 0.989021
17383.0 0.988997
17384.0 0.988972
17385.0 0.988948
17386.0 0.988924
17387.0 0.988900
17388.0 0.988875
17389.0 0.988851
17390.0 0.988827
17391.0 0.988803
17392.0 0.988779
17393.0 0.988754
17394.0 0.988730
17395.0 0.988678
17396.0 0.988542
17397.0 0.988406
17398.0 0.988270
17399.0 0.988134
17400.0 0.987999
17401.0 0.987863
17402.0 0.987727
17403.0 0.987591
17404.0 0.987455
17405.0 0.987319
17406.0 0.987183
17407.0 0.987047
17408.0 0.986911
17409.0 0.986775
17410.0 0.986640
17411.0 0.986504
17412.0 0.986368
17413.0 0.986232
17414.0 0.986096
17415.0 0.985960
17416.0 0.985824
17417.0 0.985688
17418.0 0.985552
17419.0 0.985417
17420.0 0.985281
17421.0 0.985145
17422.0 0.985009
17423.0 0.984873
17424.0 0.984737
17425.0 0.984601
17426.0 0.984465
17427.0 0.984329
17428.0 0.984193
17429.0 0.984058
17430.0 0.983922
17431.0 0.983786
17432.0 0.983650
17433.0 0.983514
17434.0 0.983378
17435.0 0.983242
17436.0 0.983106
17437.0 0.982970
17438.0 0.982835
17439.0 0.982699
17440.0 0.982563
17441.0 0.982427
17442.0 0.982291
17443.0 0.982155
17444.0 0.982019
17445.0 0.981883
17446.0 0.981747
17447.0 0.981611
17448.0 0.981476
17449.0 0.981340
17450.0 0.981204
17451.0 0.981068
17452.0 0.980932
17453.0 0.980796
17454.0 0.980660
17455.0 0.980524
17456.0 0.980388
17457.0 0.980252
17458.0 0.980117
17459.0 0.979981
17460.0 0.979845
17461.0 0.979709
17462.0 0.979573
17463.0 0.979437
17464.0 0.979301
17465.0 0.979146
17466.0 0.978926
17467.0 0.978707
17468.0 0.978487
17469.0 0.978267
17470.0 0.978048
17471.0 0.977828
17472.0 0.977609
17473.0 0.977389
17474.0 0.977169
17475.0 0.976950
17476.0 0.976730
17477.0 0.976510
17478.0 0.976291
17479.0 0.976071
17480.0 0.975852
17481.0 0.975632
17482.0 0.975412
17483.0 0.975193
17484.0 0.974973
17485.0 0.974753
17486.0 0.974534
17487.0 0.974314
17488.0 0.974095
17489.0 0.973875
17490.0 0.973655
17491.0 0.973436
17492.0 0.973216
17493.0 0.972996
17494.0 0.972777
17495.0 0.972557
17496.0 0.972338
17497.0 0.972118
17498.0 0.971898
17499.0 0.971679
17500.0 0.971459
17501.0 0.971239
17502.0 0.971020
17503.0 0.970800
17504.0 0.970580
17505.0 0.970361
17506.0 0.970141
17507.0 0.969922
17508.0 0.969702
17509.0 0.969482
17510.0 0.969263
17511.0 0.969043
17512.0 0.968823
17513.0 0.968604
17514.0 0.968384
17515.0 0.967873
17516.0 0.966316
17517.0 0.964759
17518.0 0.963203
17519.0 0.961646
17520.0 0.960089
17521.0 0.958532
17522.0 0.956975
17523.0 0.955419
17524.0 0.953862
17525.0 0.952305
17526.0 0.950748
17527.0 0.949191
17528.0 0.947634
17529.0 0.946078
17530.0 0.944521
17531.0 0.942964
17532.0 0.941407
17533.0 0.939850
17534.0 0.938293
17535.0 0.936940
17536.0 0.936339
17537.0 0.935737
17538.0 0.935136
17539.0 0.934535
17540.0 0.933933
17541.0 0.933332
17542.0 0.932731
17543.0 0.932130
17544.0 0.931528
17545.0 0.930927
17546.0 0.930326
17547.0 0.929725
17548.0 0.929123
17549.0 0.928522
17550.0 0.927921
17551.0 0.927320
17552.0 0.926718
17553.0 0.926117
17554.0 0.925516
17555.0 0.924915
17556.0 0.924313
17557.0 0.923712
17558.0 0.923111
17559.0 0.922510
17560.0 0.921908
17561.0 0.921307
17562.0 0.920706
17563.0 0.920105
17564.0 0.919503
17565.0 0.918829
17566.0 0.917870
17567.0 0.916911
17568.0 0.915952
17569.0 0.914993
17570.0 0.914034
17571.0 0.913075
17572.0 0.912116
17573.0 0.911157
17574.0 0.910199
17575.0 0.909240
17576.0 0.908281
17577.0 0.907322
17578.0 0.906363
17579.0 0.905404
17580.0 0.904445
17581.0 0.903486
17582.0 0.902527
17583.0 0.901568
17584.0 0.900609
17585.0 0.899650
17586.0 0.898691
17587.0 0.897732
17588.0 0.896773
17589.0 0.895814
17590.0 0.894855
17591.0 0.893897
17592.0 0.892938
17593.0 0.891979
17594.0 0.891020
17595.0 0.890061
17596.0 0.889102
17597.0 0.888143
17598.0 0.887184
17599.0 0.886225
17600.0 0.885266
17601.0 0.884307
17602.0 0.883348
17603.0 0.882389
17604.0 0.881430
17605.0 0.880471
17606.0 0.879512
17607.0 0.878553
17608.0 0.877595
17609.0 0.876636
17610.0 0.875677
17611.0 0.874718
17612.0 0.873759
17613.0 0.872800
17614.0 0.871841
17615.0 0.870882
17616.0 0.869923
17617.0 0.868964
17618.0 0.868005
17619.0 0.867046
17620.0 0.866087
17621.0 0.865128
17622.0 0.864169
17623.0 0.863210
17624.0 0.862251
17625.0 0.861292
17626.0 0.860334
17627.0 0.859375
17628.0 0.858416
17629.0 0.857457
17630.0 0.856498
17631.0 0.855539
17632.0 0.854580
17633.0 0.853621
17634.0 0.852662
17635.0 0.851703
17636.0 0.850744
17637.0 0.849785
17638.0 0.848826
17639.0 0.847867
17640.0 0.846908
17641.0 0.845949
17642.0 0.844990
17643.0 0.844032
17644.0 0.843073
17645.0 0.841998
17646.0 0.840406
17647.0 0.838814
17648.0 0.837222
17649.0 0.835630
17650.0 0.834038
17651.0 0.832447
17652.0 0.830855
17653.0 0.829263
17654.0 0.827671
17655.0 0.826079
17656.0 0.824487
17657.0 0.822895
17658.0 0.821303
17659.0 0.819711
17660.0 0.818119
17661.0 0.816527
17662.0 0.814936
17663.0 0.813344
17664.0 0.811752
17665.0 0.810160
17666.0 0.808568
17667.0 0.806976
17668.0 0.805384
17669.0 0.803792
17670.0 0.802200
17671.0 0.800608
17672.0 0.799016
17673.0 0.797424
17674.0 0.795833
17675.0 0.794241
17676.0 0.792649
17677.0 0.791057
17678.0 0.789465
17679.0 0.787873
17680.0 0.786281
17681.0 0.784689
17682.0 0.783097
17683.0 0.781505
17684.0 0.779913
17685.0 0.778322
17686.0 0.776730
17687.0 0.775138
17688.0 0.773546
17689.0 0.771954
17690.0 0.770362
17691.0 0.768770
17692.0 0.767178
17693.0 0.765586
17694.0 0.763994
17695.0 0.762402
17696.0 0.760810
17697.0 0.759219
17698.0 0.757627
17699.0 0.756035
17700.0 0.754443
17701.0 0.752851
17702.0 0.751259
17703.0 0.749667
17704.0 0.748075
17705.0 0.746483
17706.0 0.744891
17707.0 0.743299
17708.0 0.741707
17709.0 0.740116
17710.0 0.738524
17711.0 0.736932
17712.0 0.735340
17713.0 0.733748
17714.0 0.732156
17715.0 0.730564
17716.0 0.728972
17717.0 0.727380
17718.0 0.725788
17719.0 0.724196
17720.0 0.722605
17721.0 0.721013
17722.0 0.719421
17723.0 0.717829
17724.0 0.716237
17725.0 0.714645
17726.0 0.713053
17727.0 0.711461
17728.0 0.709869
17729.0 0.708277
17730.0 0.706685
17731.0 0.705093
17732.0 0.703502
17733.0 0.701910
17734.0 0.700318
17735.0 0.698726
17736.0 0.697134
17737.0 0.695542
17738.0 0.693950
17739.0 0.692358
17740.0 0.690766
17741.0 0.689174
17742.0 0.687582
17743.0 0.685991
17744.0 0.684399
17745.0 0.682807
17746.0 0.681215
17747.0 0.679623
17748.0 0.678031
17749.0 0.676439
17750.0 0.674847
17751.0 0.673255
17752.0 0.671663
17753.0 0.670071
17754.0 0.668479
17755.0 0.666524
17756.0 0.662547
17757.0 0.658571
17758.0 0.654595
17759.0 0.650619
17760.0 0.646643
17761.0 0.642667
17762.0 0.638691
17763.0 0.634715
17764.0 0.630738
17765.0 0.626762
17766.0 0.622786
17767.0 0.618810
17768.0 0.614834
17769.0 0.610858
17770.0 0.606882
17771.0 0.602906
17772.0 0.598929
17773.0 0.594953
17774.0 0.590977
17775.0 0.587001
17776.0 0.583025
17777.0 0.579049
17778.0 0.575073
17779.0 0.571097
17780.0 0.567120
17781.0 0.563144
17782.0 0.559168
17783.0 0.555192
17784.0 0.551216
17785.0 0.547240
17786.0 0.543264
17787.0 0.539288
17788.0 0.535311
17789.0 0.531335
17790.0 0.527359
17791.0 0.523383
17792.0 0.519407
17793.0 0.515431
17794.0 0.511455
17795.0 0.507479
17796.0 0.503502
17797.0 0.499526
17798.0 0.495550
17799.0 0.491574
17800.0 0.487598
17801.0 0.483622
17802.0 0.479646
17803.0 0.475670
17804.0 0.471693
17805.0 0.467717
17806.0 0.463741
17807.0 0.459765
17808.0 0.455789
17809.0 0.451813
17810.0 0.447837
17811.0 0.443861
17812.0 0.439884
17813.0 0.435908
17814.0 0.431932
17815.0 0.427956
17816.0 0.423980
17817.0 0.420004
17818.0 0.416028
17819.0 0.412052
17820.0 0.408075
17821.0 0.404099
17822.0 0.400123
17823.0 0.396147
17824.0 0.392171
17825.0 0.388195
17826.0 0.384219
17827.0 0.380243
17828.0 0.376266
17829.0 0.372290
17830.0 0.368314
17831.0 0.364338
17832.0 0.360362
17833.0 0.356386
17834.0 0.352410
17835.0 0.348434
17836.0 0.344457
17837.0 0.340481
17838.0 0.336505
17839.0 0.332529
17840.0 0.328553
17841.0 0.324577
17842.0 0.320601
17843.0 0.316625
17844.0 0.312648
17845.0 0.308672
17846.0 0.304696
17847.0 0.300720
17848.0 0.296744
17849.0 0.292768
17850.0 0.288792
17851.0 0.284816
17852.0 0.280839
17853.0 0.276863
17854.0 0.272887
17855.0 0.269867
17856.0 0.273511
17857.0 0.277154
17858.0 0.280798
17859.0 0.284442
17860.0 0.288086
17861.0 0.291729
17862.0 0.295373
17863.0 0.299017
17864.0 0.302660
17865.0 0.306304
17866.0 0.309948
17867.0 0.313591
17868.0 0.317235
17869.0 0.320879
17870.0 0.324522
17871.0 0.328166
17872.0 0.331810
17873.0 0.335453
17874.0 0.339097
17875.0 0.342741
17876.0 0.346384
17877.0 0.350028
17878.0 0.353672
17879.0 0.357315
17880.0 0.360959
17881.0 0.364603
17882.0 0.368246
17883.0 0.371890
17884.0 0.375534
17885.0 0.379177
17886.0 0.382821
17887.0 0.386465
17888.0 0.390108
17889.0 0.393752
17890.0 0.397396
17891.0 0.401039
17892.0 0.404683
17893.0 0.408327
17894.0 0.411970
17895.0 0.415614
17896.0 0.419258
17897.0 0.422902
17898.0 0.426545
17899.0 0.430189
17900.0 0.433833
17901.0 0.437476
17902.0 0.441120
17903.0 0.444764
17904.0 0.448407
17905.0 0.451124
17906.0 0.446482
17907.0 0.441841
17908.0 0.437199
17909.0 0.432557
17910.0 0.427916
17911.0 0.423274
17912.0 0.418632
17913.0 0.413991
17914.0 0.409349
17915.0 0.404707
17916.0 0.400066
17917.0 0.395424
17918.0 0.390782
17919.0 0.386141
17920.0 0.381499
17921.0 0.376857
17922.0 0.372216
17923.0 0.367574
17924.0 0.362932
17925.0 0.358291
17926.0 0.353649
17927.0 0.349007
17928.0 0.344366
17929.0 0.339724
17930.0 0.335082
17931.0 0.330440
17932.0 0.325799
17933.0 0.321157
17934.0 0.316515
17935.0 0.311874
17936.0 0.307232
17937.0 0.302590
17938.0 0.297949
17939.0 0.293307
17940.0 0.288665
17941.0 0.284024
17942.0 0.279382
17943.0 0.274740
17944.0 0.270099
17945.0 0.265457
17946.0 0.260815
17947.0 0.256174
17948.0 0.251532
17949.0 0.246890
17950.0 0.242249
17951.0 0.237607
17952.0 0.232965
17953.0 0.228324
17954.0 0.223682
17955.0 0.219040
17956.0 0.214399
17957.0 0.209757
17958.0 0.205115
17959.0 0.200474
17960.0 0.195832
17961.0 0.191190
17962.0 0.186549
17963.0 0.181907
17964.0 0.177265
17965.0 0.172978
17966.0 0.172045
17967.0 0.171112
17968.0 0.170178
17969.0 0.169245
17970.0 0.168312
17971.0 0.167379
17972.0 0.166446
17973.0 0.165513
17974.0 0.164580
17975.0 0.163646
17976.0 0.162713
17977.0 0.161780
17978.0 0.160847
17979.0 0.159914
17980.0 0.158981
17981.0 0.158048
17982.0 0.157114
17983.0 0.156181
17984.0 0.155248
17985.0 0.154315
17986.0 0.153382
17987.0 0.152449
17988.0 0.151516
17989.0 0.150582
17990.0 0.149649
17991.0 0.148716
17992.0 0.147783
17993.0 0.146850
17994.0 0.145917
17995.0 0.144984
17996.0 0.144050
17997.0 0.143117
17998.0 0.142184
17999.0 0.141251
18000.0 0.140318
18001.0 0.139385
18002.0 0.138452
18003.0 0.137518
18004.0 0.136585
18005.0 0.135652
18006.0 0.134719
18007.0 0.133786
18008.0 0.132853
18009.0 0.131920
18010.0 0.130986
18011.0 0.130053
18012.0 0.129120
18013.0 0.128187
18014.0 0.127254
18015.0 0.126321
18016.0 0.125388
18017.0 0.124454
18018.0 0.123521
18019.0 0.122588
18020.0 0.121655
18021.0 0.120722
18022.0 0.119789
18023.0 0.118856
18024.0 0.117922
18025.0 0.116989
18026.0 0.116056
18027.0 0.115123
18028.0 0.114190
18029.0 0.113257
18030.0 0.112324
18031.0 0.111390
18032.0 0.110457
18033.0 0.109524
18034.0 0.108591
18035.0 0.107689
18036.0 0.107160
18037.0 0.106631
18038.0 0.106102
18039.0 0.105573
18040.0 0.105045
18041.0 0.104516
18042.0 0.103987
18043.0 0.103458
18044.0 0.102929
18045.0 0.102401
18046.0 0.101872
18047.0 0.101343
18048.0 0.100814
18049.0 0.100285
18050.0 0.099757
18051.0 0.099228
18052.0 0.098699
18053.0 0.098170
18054.0 0.097641
18055.0 0.097113
18056.0 0.096584
18057.0 0.096055
18058.0 0.095526
18059.0 0.094997
18060.0 0.094468
18061.0 0.093940
18062.0 0.093411
18063.0 0.092882
18064.0 0.092353
18065.0 0.091824
18066.0 0.091296
18067.0 0.090767
18068.0 0.090238
18069.0 0.089709
18070.0 0.089180
18071.0 0.088652
18072.0 0.088123
18073.0 0.087594
18074.0 0.087065
18075.0 0.086536
18076.0 0.086007
18077.0 0.085479
18078.0 0.084950
18079.0 0.084421
18080.0 0.083892
18081.0 0.083363
18082.0 0.082835
18083.0 0.082306
18084.0 0.081777
18085.0 0.081248
18086.0 0.080719
18087.0 0.080191
18088.0 0.079662
18089.0 0.079133
18090.0 0.078604
18091.0 0.078075
18092.0 0.077547
18093.0 0.077018
18094.0 0.076489
18095.0 0.075960
18096.0 0.075431
18097.0 0.074902
18098.0 0.074374
18099.0 0.073845
18100.0 0.073316
18101.0 0.072787
18102.0 0.072258
18103.0 0.071730
18104.0 0.071201
18105.0 0.070577
18106.0 0.068391
18107.0 0.066205
18108.0 0.064019
18109.0 0.061833
18110.0 0.059648
18111.0 0.057462
18112.0 0.055276
18113.0 0.053090
18114.0 0.050904
18115.0 0.048718
18116.0 0.046533
18117.0 0.044347
18118.0 0.042161
18119.0 0.039975
18120.0 0.037789
18121.0 0.035604
18122.0 0.033418
18123.0 0.031232
18124.0 0.029046
18125.0 0.026860
18126.0 0.024674
18127.0 0.022489
18128.0 0.020303
18129.0 0.018117
18130.0 0.015931
18131.0 0.013745
18132.0 0.011559
18133.0 0.009374
18134.0 0.007188
18135.0 0.005124
18136.0 0.005421
18137.0 0.005719
18138.0 0.006016
18139.0 0.006313
18140.0 0.006610
18141.0 0.006907
18142.0 0.007204
18143.0 0.007501
18144.0 0.007799
18145.0 0.008096
18146.0 0.008393
18147.0 0.008690
18148.0 0.008987
18149.0 0.009284
18150.0 0.009581
18151.0 0.009879
18152.0 0.010176
18153.0 0.010473
18154.0 0.010770
18155.0 0.011067
18156.0 0.011364
18157.0 0.011662
18158.0 0.011959
18159.0 0.012256
18160.0 0.012553
18161.0 0.012850
18162.0 0.013147
18163.0 0.013444
18164.0 0.013742
18165.0 0.014039
18166.0 0.014336
18167.0 0.014633
18168.0 0.014930
18169.0 0.015227
18170.0 0.015524
18171.0 0.015822
18172.0 0.016119
18173.0 0.016416
18174.0 0.016713
18175.0 0.017010
18176.0 0.017307
18177.0 0.017604
18178.0 0.017902
18179.0 0.018199
18180.0 0.018496
18181.0 0.018793
18182.0 0.019090
18183.0 0.019387
18184.0 0.019685
18185.0 0.019964
18186.0 0.019768
18187.0 0.019573
18188.0 0.019377
18189.0 0.019181
18190.0 0.018985
18191.0 0.018790
18192.0 0.018594
18193.0 0.018398
18194.0 0.018202
18195.0 0.018007
18196.0 0.017811
18197.0 0.017615
18198.0 0.017420
18199.0 0.017224
18200.0 0.017028
18201.0 0.016832
18202.0 0.016637
18203.0 0.016441
18204.0 0.016245
18205.0 0.016049
18206.0 0.015854
18207.0 0.015658
18208.0 0.015462
18209.0 0.015266
18210.0 0.015071
18211.0 0.014875
18212.0 0.014679
18213.0 0.014483
18214.0 0.014288
18215.0 0.014092
18216.0 0.013896
18217.0 0.013700
18218.0 0.013505
18219.0 0.013309
18220.0 0.013113
18221.0 0.012918
18222.0 0.012722
18223.0 0.012526
18224.0 0.012330
18225.0 0.012135
18226.0 0.011939
18227.0 0.011743
18228.0 0.011547
18229.0 0.011352
18230.0 0.011156
18231.0 0.010960
18232.0 0.010764
18233.0 0.010569
18234.0 0.010373
18235.0 0.010177
18236.0 0.009981
18237.0 0.009786
18238.0 0.009590
18239.0 0.009394
18240.0 0.009199
18241.0 0.009003
18242.0 0.008807
18243.0 0.008611
18244.0 0.008416
18245.0 0.008220
18246.0 0.008024
18247.0 0.007828
18248.0 0.007633
18249.0 0.007437
18250.0 0.007241
18251.0 0.007045
18252.0 0.006850
18253.0 0.006654
18254.0 0.006458
18255.0 0.006262
18256.0 0.006067
18257.0 0.005871
18258.0 0.005675
18259.0 0.005479
18260.0 0.005284
18261.0 0.005088
18262.0 0.004892
18263.0 0.004697
18264.0 0.004501
18265.0 0.004305
18266.0 0.004109
18267.0 0.003914
18268.0 0.003718
18269.0 0.003522
18270.0 0.003326
18271.0 0.003131
18272.0 0.002935
18273.0 0.002739
18274.0 0.002543
18275.0 0.002348
18276.0 0.002152
18277.0 0.001956
18278.0 0.001760
18279.0 0.001565
18280.0 0.001369
18281.0 0.001173
18282.0 0.000978
18283.0 0.000782
18284.0 0.000586
18285.0 0.000392
18286.0 0.000386
18287.0 0.000381
18288.0 0.000375
18289.0 0.000370
18290.0 0.000364
18291.0 0.000358
18292.0 0.000353
18293.0 0.000347
18294.0 0.000342
18295.0 0.000336
18296.0 0.000331
18297.0 0.000325
18298.0 0.000319
18299.0 0.000314
18300.0 0.000308
18301.0 0.000303
18302.0 0.000297
18303.0 0.000292
18304.0 0.000286
18305.0 0.000280
18306.0 0.000275
18307.0 0.000269
18308.0 0.000264
18309.0 0.000258
18310.0 0.000253
18311.0 0.000247
18312.0 0.000241
18313.0 0.000236
18314.0 0.000230
18315.0 0.000225
18316.0 0.000219
18317.0 0.000213
18318.0 0.000208
18319.0 0.000202
18320.0 0.000197
18321.0 0.000191
18322.0 0.000186
18323.0 0.000180
18324.0 0.000174
18325.0 0.000169
18326.0 0.000163
18327.0 0.000158
18328.0 0.000152
18329.0 0.000147
18330.0 0.000141
18331.0 0.000135
18332.0 0.000130
18333.0 0.000124
18334.0 0.000119
18335.0 0.000113
18336.0 0.000108
18337.0 0.000102
18338.0 0.000096
18339.0 0.000091
18340.0 0.000085
18341.0 0.000080
18342.0 0.000074
18343.0 0.000068
18344.0 0.000063
18345.0 0.000057
18346.0 0.000052
18347.0 0.000046
18348.0 0.000041
18349.0 0.000035
18350.0 0.000029
18351.0 0.000024
18352.0 0.000018
18353.0 0.000013
18354.0 0.000007
18355.0 0.000002
18356.0 0.000002
18357.0 0.000002
18358.0 0.000003
18359.0 0.000003
18360.0 0.000003
18361.0 0.000004
18362.0 0.000004
18363.0 0.000005
18364.0 0.000005
18365.0 0.000005
18366.0 0.000006
18367.0 0.000006
18368.0 0.000007
18369.0 0.000007
18370.0 0.000007
18371.0 0.000008
18372.0 0.000008
18373.0 0.000008
18374.0 0.000009
18375.0 0.000009
18376.0 0.000010
18377.0 0.000010
18378.0 0.000010
18379.0 0.000011
18380.0 0.000011
18381.0 0.000012
18382.0 0.000012
18383.0 0.000012
18384.0 0.000013
18385.0 0.000013
18386.0 0.000013
18387.0 0.000014
18388.0 0.000014
18389.0 0.000015
18390.0 0.000015
18391.0 0.000015
18392.0 0.000016
18393.0 0.000016
18394.0 0.000017
18395.0 0.000017
18396.0 0.000017
18397.0 0.000018
18398.0 0.000018
18399.0 0.000019
18400.0 0.000019
18401.0 0.000019
18402.0 0.000020
18403.0 0.000020
18404.0 0.000020
18405.0 0.000021
18406.0 0.000021
18407.0 0.000022
18408.0 0.000022
18409.0 0.000022
18410.0 0.000023
18411.0 0.000023
18412.0 0.000024
18413.0 0.000024
18414.0 0.000024
18415.0 0.000025
18416.0 0.000025
18417.0 0.000025
18418.0 0.000026
18419.0 0.000026
18420.0 0.000027
18421.0 0.000027
18422.0 0.000027
18423.0 0.000028
18424.0 0.000028
18425.0 0.000029
18426.0 0.000029
18427.0 0.000029
18428.0 0.000030
18429.0 0.000030
18430.0 0.000030
18431.0 0.000031
18432.0 0.000031
18433.0 0.000032
18434.0 0.000032
18435.0 0.000032
18436.0 0.000033
18437.0 0.000033
18438.0 0.000034
18439.0 0.000034
18440.0 0.000034
18441.0 0.000035
18442.0 0.000035
18443.0 0.000036
18444.0 0.000036
18445.0 0.000036
18446.0 0.000037
18447.0 0.000037
18448.0 0.000037
18449.0 0.000038
18450.0 0.000038
18451.0 0.000039
18452.0 0.000039
18453.0 0.000039
18454.0 0.000040
18455.0 0.000040
18456.0 0.000041
18457.0 0.000041
18458.0 0.000041
18459.0 0.000042
18460.0 0.000042
18461.0 0.000042
18462.0 0.000043
18463.0 0.000043
18464.0 0.000044
18465.0 0.000044
18466.0 0.000044
18467.0 0.000045
18468.0 0.000045
18469.0 0.000046
18470.0 0.000046
18471.0 0.000046
18472.0 0.000047
18473.0 0.000047
18474.0 0.000047
18475.0 0.000048
18476.0 0.000048
18477.0 0.000049
18478.0 0.000049
18479.0 0.000049
18480.0 0.000050
18481.0 0.000050
18482.0 0.000051
18483.0 0.000051
18484.0 0.000051
18485.0 0.000052
18486.0 0.000052
18487.0 0.000052
18488.0 0.000053
18489.0 0.000053
18490.0 0.000054
18491.0 0.000054
18492.0 0.000054
18493.0 0.000055
18494.0 0.000055
18495.0 0.000056
18496.0 0.000056
18497.0 0.000056
18498.0 0.000057
18499.0 0.000057
18500.0 0.000058
18501.0 0.000058
18502.0 0.000058
18503.0 0.000059
18504.0 0.000059
18505.0 0.000059
18506.0 0.000059
18507.0 0.000059
18508.0 0.000059
18509.0 0.000058
18510.0 0.000058
18511.0 0.000058
18512.0 0.000057
18513.0 0.000057
18514.0 0.000057
18515.0 0.000057
18516.0 0.000056
18517.0 0.000056
18518.0 0.000056
18519.0 0.000056
18520.0 0.000055
18521.0 0.000055
18522.0 0.000055
18523.0 0.000054
18524.0 0.000054
18525.0 0.000054
18526.0 0.000054
18527.0 0.000053
18528.0 0.000053
18529.0 0.000053
18530.0 0.000052
18531.0 0.000052
18532.0 0.000052
18533.0 0.000052
18534.0 0.000051
18535.0 0.000051
18536.0 0.000051
18537.0 0.000050
18538.0 0.000050
18539.0 0.000050
18540.0 0.000050
18541.0 0.000049
18542.0 0.000049
18543.0 0.000049
18544.0 0.000048
18545.0 0.000048
18546.0 0.000048
18547.0 0.000048
18548.0 0.000047
18549.0 0.000047
18550.0 0.000047
18551.0 0.000046
18552.0 0.000046
18553.0 0.000046
18554.0 0.000046
18555.0 0.000045
18556.0 0.000045
18557.0 0.000045
18558.0 0.000044
18559.0 0.000044
18560.0 0.000044
18561.0 0.000044
18562.0 0.000043
18563.0 0.000043
18564.0 0.000043
18565.0 0.000042
18566.0 0.000042
18567.0 0.000042
18568.0 0.000042
18569.0 0.000041
18570.0 0.000041
18571.0 0.000041
18572.0 0.000041
18573.0 0.000040
18574.0 0.000040
18575.0 0.000040
18576.0 0.000039
18577.0 0.000039
18578.0 0.000039
18579.0 0.000039
18580.0 0.000038
18581.0 0.000038
18582.0 0.000038
18583.0 0.000037
18584.0 0.000037
18585.0 0.000037
18586.0 0.000037
18587.0 0.000036
18588.0 0.000036
18589.0 0.000036
18590.0 0.000035
18591.0 0.000035
18592.0 0.000035
18593.0 0.000035
18594.0 0.000034
18595.0 0.000034
18596.0 0.000034
18597.0 0.000033
18598.0 0.000033
18599.0 0.000033
18600.0 0.000033
18601.0 0.000032
18602.0 0.000032
18603.0 0.000032
18604.0 0.000031
18605.0 0.000031
18606.0 0.000031
18607.0 0.000031
18608.0 0.000030
18609.0 0.000030
18610.0 0.000030
18611.0 0.000029
18612.0 0.000029
18613.0 0.000029
18614.0 0.000029
18615.0 0.000028
18616.0 0.000028
18617.0 0.000028
18618.0 0.000027
18619.0 0.000027
18620.0 0.000027
18621.0 0.000027
18622.0 0.000026
18623.0 0.000026
18624.0 0.000026
18625.0 0.000026
18626.0 0.000025
18627.0 0.000025
18628.0 0.000025
18629.0 0.000024
18630.0 0.000024
18631.0 0.000024
18632.0 0.000024
18633.0 0.000023
18634.0 0.000023
18635.0 0.000023
18636.0 0.000022
18637.0 0.000022
18638.0 0.000022
18639.0 0.000022
18640.0 0.000021
18641.0 0.000021
18642.0 0.000021
18643.0 0.000020
18644.0 0.000020
18645.0 0.000020
18646.0 0.000020
18647.0 0.000019
18648.0 0.000019
18649.0 0.000019
18650.0 0.000018
18651.0 0.000018
18652.0 0.000018
18653.0 0.000018
18654.0 0.000017
18655.0 0.000017
18656.0 0.000017
18657.0 0.000016
18658.0 0.000016
18659.0 0.000016
18660.0 0.000016
18661.0 0.000015
18662.0 0.000015
18663.0 0.000015
18664.0 0.000014
18665.0 0.000014
18666.0 0.000014
18667.0 0.000014
18668.0 0.000013
18669.0 0.000013
18670.0 0.000013
18671.0 0.000012
18672.0 0.000012
18673.0 0.000012
18674.0 0.000012
18675.0 0.000011
18676.0 0.000011
18677.0 0.000011
18678.0 0.000011
18679.0 0.000010
18680.0 0.000010
18681.0 0.000010
18682.0 0.000009
18683.0 0.000009
18684.0 0.000009
18685.0 0.000009
18686.0 0.000008
18687.0 0.000008
18688.0 0.000008
18689.0 0.000007
18690.0 0.000007
18691.0 0.000007
18692.0 0.000007
18693.0 0.000006
18694.0 0.000006
18695.0 0.000006
18696.0 0.000005
18697.0 0.000005
18698.0 0.000005
18699.0 0.000005
18700.0 0.000004
18701.0 0.000004
18702.0 0.000004
18703.0 0.000003
18704.0 0.000003
18705.0 0.000003
18706.0 0.000003
18707.0 0.000002
18708.0 0.000002
18709.0 0.000002
18710.0 0.000001
