10620.0 0.000000
10621.0 0.000000
10622.0 0.000000
10623.0 0.000001
10624.0 0.000011
10625.0 0.000021
10626.0 0.000031
10627.0 0.000042
10628.0 0.000052
10629.0 0.000062
10630.0 0.000072
10631.0 0.000082
10632.0 0.000093
10633.0 0.000103
10634.0 0.000113
10635.0 0.000123
10636.0 0.000133
10637.0 0.000143
10638.0 0.000154
10639.0 0.000164
10640.0 0.000174
10641.0 0.000184
10642.0 0.000194
10643.0 0.000205
10644.0 0.000215
10645.0 0.000225
10646.0 0.000235
10647.0 0.000245
10648.0 0.000256
10649.0 0.000266
10650.0 0.000276
10651.0 0.000286
10652.0 0.000296
10653.0 0.000306
10654.0 0.000317
10655.0 0.000327
10656.0 0.000337
10657.0 0.000347
10658.0 0.000357
10659.0 0.000368
10660.0 0.000378
10661.0 0.000388
10662.0 0.000398
10663.0 0.000410
10664.0 0.000438
10665.0 0.000467
10666.0 0.000495
10667.0 0.000523
10668.0 0.000552
10669.0 0.000580
10670.0 0.000609
10671.0 0.000637
10672.0 0.000665
10673.0 0.000694
10674.0 0.000722
10675.0 0.000751
10676.0 0.000779
10677.0 0.000808
10678.0 0.000836
10679.0 0.000864
10680.0 0.000893
10681.0 0.000921
10682.0 0.000950
10683.0 0.000978
10684.0 0.001006
10685.0 0.001035
10686.0 0.001063
10687.0 0.001092
10688.0 0.001120
10689.0 0.001149
10690.0 0.001177
10691.0 0.001205
10692.0 0.001234
10693.0 0.001262
10694.0 0.001291
10695.0 0.001319
10696.0 0.001347
10697.0 0.001376
10698.0 0.001404
10699.0 0.001433
10700.0 0.001461
10701.0 0.001490
10702.0 0.001518
10703.0 0.001546
10704.0 0.001569
10705.0 0.001591
10706.0 0.001614
10707.0 0.001636
10708.0 0.001659
10709.0 0.001681
10710.0 0.001704
10711.0 0.001726
10712.0 0.001749
10713.0 0.001772
10714.0 0.001794
10715.0 0.001817
10716.0 0.001839
10717.0 0.001862
10718.0 0.001884
10719.0 0.001907
10720.0 0.001930
10721.0 0.001952
10722.0 0.001975
10723.0 0.001997
10724.0 0.002020
10725.0 0.002042
10726.0 0.002065
10727.0 0.002087
10728.0 0.002110
10729.0 0.002133
10730.0 0.002155
10731.0 0.002178
10732.0 0.002200
10733.0 0.002223
10734.0 0.002245
10735.0 0.002268
10736.0 0.002290
10737.0 0.002313
10738.0 0.002336
10739.0 0.002358
10740.0 0.002381
10741.0 0.002403
10742.0 0.002426
10743.0 0.002448
10744.0 0.002471
10745.0 0.002494
10746.0 0.002516
10747.0 0.002539
10748.0 0.002561
10749.0 0.002584
10750.0 0.002606
10751.0 0.002629
10752.0 0.002651
10753.0 0.002678
10754.0 0.002773
10755.0 0.002867
10756.0 0.002962
10757.0 0.003056
10758.0 0.003151
10759.0 0.003246
10760.0 0.003340
10761.0 0.003435
10762.0 0.003529
10763.0 0.003624
10764.0 0.003719
10765.0 0.003813
10766.0 0.003908
10767.0 0.004003
10768.0 0.004097
10769.0 0.004192
10770.0 0.004286
10771.0 0.004381
10772.0 0.004476
10773.0 0.004570
10774.0 0.004665
10775.0 0.004759
10776.0 0.004854
10777.0 0.004949
10778.0 0.005043
10779.0 0.005138
10780.0 0.005232
10781.0 0.005327
10782.0 0.005422
10783.0 0.005520
10784.0 0.005689
10785.0 0.005857
10786.0 0.006026
10787.0 0.006195
10788.0 0.006364
10789.0 0.006533
10790.0 0.006701
10791.0 0.006870
10792.0 0.007039
10793.0 0.007208
10794.0 0.007376
10795.0 0.007545
10796.0 0.007714
10797.0 0.007883
10798.0 0.008052
10799.0 0.008220
10800.0 0.008389
10801.0 0.008558
10802.0 0.008727
10803.0 0.008896
10804.0 0.009064
10805.0 0.009233
10806.0 0.009402
10807.0 0.009571
10808.0 0.009740
10809.0 0.009908
10810.0 0.010077
10811.0 0.010246
10812.0 0.010415
10813.0 0.010583
10814.0 0.010752
10815.0 0.010921
10816.0 0.011090
10817.0 0.011259
10818.0 0.011427
10819.0 0.011596
10820.0 0.011765
10821.0 0.011934
10822.0 0.012103
10823.0 0.012280
10824.0 0.012682
10825.0 0.013084
10826.0 0.013487
10827.0 0.013889
10828.0 0.014291
10829.0 0.014693
10830.0 0.015096
10831.0 0.015498
10832.0 0.015900
10833.0 0.016302
10834.0 0.016705
10835.0 0.017107
10836.0 0.017509
10837.0 0.017912
10838.0 0.018314
10839.0 0.018716
10840.0 0.019118
10841.0 0.019521
10842.0 0.019923
10843.0 0.020323
10844.0 0.020669
10845.0 0.021014
10846.0 0.021360
10847.0 0.021705
10848.0 0.022050
10849.0 0.022396
10850.0 0.022741
10851.0 0.023086
10852.0 0.023432
10853.0 0.023777
10854.0 0.024123
10855.0 0.024468
10856.0 0.024813
10857.0 0.025159
10858.0 0.025504
10859.0 0.025850
10860.0 0.026195
10861.0 0.026540
10862.0 0.026886
10863.0 0.027231
10864.0 0.027576
10865.0 0.027922
10866.0 0.028267
10867.0 0.028613
10868.0 0.028958
10869.0 0.029303
10870.0 0.029649
10871.0 0.029994
10872.0 0.030340
10873.0 0.030688
10874.0 0.031182
10875.0 0.031676
10876.0 0.032169
10877.0 0.032663
10878.0 0.033157
10879.0 0.033650
10880.0 0.034144
10881.0 0.034638
10882.0 0.035131
10883.0 0.035625
10884.0 0.036119
10885.0 0.036612
10886.0 0.037106
10887.0 0.037600
10888.0 0.038093
10889.0 0.038587
10890.0 0.039081
10891.0 0.039575
10892.0 0.040068
10893.0 0.040558
10894.0 0.040834
10895.0 0.041109
10896.0 0.041385
10897.0 0.041661
10898.0 0.041936
10899.0 0.042212
10900.0 0.042488
10901.0 0.042763
10902.0 0.043039
10903.0 0.043315
10904.0 0.043590
10905.0 0.043866
10906.0 0.044142
10907.0 0.044417
10908.0 0.044693
10909.0 0.044969
10910.0 0.045244
10911.0 0.045520
10912.0 0.045796
10913.0 0.046071
10914.0 0.046347
10915.0 0.046623
10916.0 0.046898
10917.0 0.047174
10918.0 0.047450
10919.0 0.047725
10920.0 0.048001
10921.0 0.048277
10922.0 0.048553
10923.0 0.048828
10924.0 0.049104
10925.0 0.049380
10926.0 0.049655
10927.0 0.049931
10928.0 0.050207
10929.0 0.050482
10930.0 0.050758
10931.0 0.051034
10932.0 0.051309
10933.0 0.051584
10934.0 0.051745
10935.0 0.051906
10936.0 0.052067
10937.0 0.052227
10938.0 0.052388
10939.0 0.052549
10940.0 0.052710
10941.0 0.052871
10942.0 0.053031
10943.0 0.053192
10944.0 0.053353
10945.0 0.053514
10946.0 0.053675
10947.0 0.053835
10948.0 0.053996
10949.0 0.054157
10950.0 0.054318
10951.0 0.054478
10952.0 0.054639
10953.0 0.054800
10954.0 0.054961
10955.0 0.055122
10956.0 0.055282
10957.0 0.055443
10958.0 0.055604
10959.0 0.055765
10960.0 0.055926
10961.0 0.056086
10962.0 0.056247
10963.0 0.056408
10964.0 0.056666
10965.0 0.056923
10966.0 0.057181
10967.0 0.057439
10968.0 0.057697
10969.0 0.057954
10970.0 0.058212
10971.0 0.058470
10972.0 0.058728
10973.0 0.058985
10974.0 0.059243
10975.0 0.059501
10976.0 0.059759
10977.0 0.060016
10978.0 0.060274
10979.0 0.060532
10980.0 0.060790
10981.0 0.061048
10982.0 0.061305
10983.0 0.061563
10984.0 0.061821
10985.0 0.062079
10986.0 0.062336
10987.0 0.062594
10988.0 0.062852
10989.0 0.063110
10990.0 0.063367
10991.0 0.063625
10992.0 0.063883
10993.0 0.064141
10994.0 0.064398
10995.0 0.064656
10996.0 0.064914
10997.0 0.065172
10998.0 0.065429
10999.0 0.065687
11000.0 0.065945
11001.0 0.066203
11002.0 0.066460
11003.0 0.066718
11004.0 0.066976
11005.0 0.067234
11006.0 0.067491
11007.0 0.067749
11008.0 0.068007
11009.0 0.068265
11010.0 0.068522
11011.0 0.068780
11012.0 0.069038
11013.0 0.069296
11014.0 0.069553
11015.0 0.069811
11016.0 0.070069
11017.0 0.070327
11018.0 0.070585
11019.0 0.070842
11020.0 0.071100
11021.0 0.071358
11022.0 0.071616
11023.0 0.071873
11024.0 0.078488
11025.0 0.085219
11026.0 0.091950
11027.0 0.098682
11028.0 0.105413
11029.0 0.112144
11030.0 0.118876
11031.0 0.125607
11032.0 0.132338
11033.0 0.139069
11034.0 0.145801
11035.0 0.152532
11036.0 0.159263
11037.0 0.165995
11038.0 0.172726
11039.0 0.179457
11040.0 0.186189
11041.0 0.192920
11042.0 0.199651
11043.0 0.206383
11044.0 0.213114
11045.0 0.219845
11046.0 0.226577
11047.0 0.233308
11048.0 0.240039
11049.0 0.246771
11050.0 0.253502
11051.0 0.260233
11052.0 0.266964
11053.0 0.273696
11054.0 0.277156
11055.0 0.280528
11056.0 0.283900
11057.0 0.287272
11058.0 0.290644
11059.0 0.294016
11060.0 0.297389
11061.0 0.300761
11062.0 0.304133
11063.0 0.307505
11064.0 0.310877
11065.0 0.314249
11066.0 0.317621
11067.0 0.320993
11068.0 0.324365
11069.0 0.327737
11070.0 0.331110
11071.0 0.334482
11072.0 0.337854
11073.0 0.341226
11074.0 0.342178
11075.0 0.343051
11076.0 0.343924
11077.0 0.344797
11078.0 0.345670
11079.0 0.346543
11080.0 0.347416
11081.0 0.348290
11082.0 0.349163
11083.0 0.350036
11084.0 0.350909
11085.0 0.351782
11086.0 0.352655
11087.0 0.353528
11088.0 0.354401
11089.0 0.355274
11090.0 0.356147
11091.0 0.357020
11092.0 0.357893
11093.0 0.358766
11094.0 0.359495
11095.0 0.360219
11096.0 0.360942
11097.0 0.361666
11098.0 0.362389
11099.0 0.363113
11100.0 0.363836
11101.0 0.364560
11102.0 0.365283
11103.0 0.366006
11104.0 0.366730
11105.0 0.367453
11106.0 0.368177
11107.0 0.368900
11108.0 0.369624
11109.0 0.370347
11110.0 0.371071
11111.0 0.371794
11112.0 0.372517
11113.0 0.373241
11114.0 0.373964
11115.0 0.374688
11116.0 0.375411
11117.0 0.376135
11118.0 0.376858
11119.0 0.377582
11120.0 0.378305
11121.0 0.379028
11122.0 0.379752
11123.0 0.380475
11124.0 0.379327
11125.0 0.378089
11126.0 0.376851
11127.0 0.375614
11128.0 0.374376
11129.0 0.373139
11130.0 0.371901
11131.0 0.370664
11132.0 0.369426
11133.0 0.368189
11134.0 0.366951
11135.0 0.365714
11136.0 0.364476
11137.0 0.363239
11138.0 0.362001
11139.0 0.360764
11140.0 0.359526
11141.0 0.358288
11142.0 0.357051
11143.0 0.355813
11144.0 0.354576
11145.0 0.353338
11146.0 0.352101
11147.0 0.350863
11148.0 0.349626
11149.0 0.348388
11150.0 0.347151
11151.0 0.345913
11152.0 0.344676
11153.0 0.343438
11154.0 0.342201
11155.0 0.340963
11156.0 0.339726
11157.0 0.338488
11158.0 0.337250
11159.0 0.336013
11160.0 0.334775
11161.0 0.333538
11162.0 0.332300
11163.0 0.331063
11164.0 0.322386
11165.0 0.313268
11166.0 0.304149
11167.0 0.295031
11168.0 0.285912
11169.0 0.276794
11170.0 0.267675
11171.0 0.258557
11172.0 0.249438
11173.0 0.240320
11174.0 0.240114
11175.0 0.240465
11176.0 0.240815
11177.0 0.241166
11178.0 0.241517
11179.0 0.241867
11180.0 0.242218
11181.0 0.242569
11182.0 0.242920
11183.0 0.243270
11184.0 0.243621
11185.0 0.243972
11186.0 0.244322
11187.0 0.244673
11188.0 0.245024
11189.0 0.245375
11190.0 0.245725
11191.0 0.246076
11192.0 0.246427
11193.0 0.246777
11194.0 0.247128
11195.0 0.247479
11196.0 0.247830
11197.0 0.248180
11198.0 0.248531
11199.0 0.248882
11200.0 0.249232
11201.0 0.249583
11202.0 0.249934
11203.0 0.250285
11204.0 0.251343
11205.0 0.252451
11206.0 0.253560
11207.0 0.254669
11208.0 0.255778
11209.0 0.256886
11210.0 0.257995
11211.0 0.259104
11212.0 0.260213
11213.0 0.261321
11214.0 0.262430
11215.0 0.263539
11216.0 0.264648
11217.0 0.265756
11218.0 0.266865
11219.0 0.267974
11220.0 0.269083
11221.0 0.270192
11222.0 0.271300
11223.0 0.272409
11224.0 0.273518
11225.0 0.274627
11226.0 0.275735
11227.0 0.276844
11228.0 0.277953
11229.0 0.279062
11230.0 0.280170
11231.0 0.281279
11232.0 0.282388
11233.0 0.283497
11234.0 0.283116
11235.0 0.282614
11236.0 0.282112
11237.0 0.281611
11238.0 0.281109
11239.0 0.280607
11240.0 0.280105
11241.0 0.279604
11242.0 0.279102
11243.0 0.278600
11244.0 0.278099
11245.0 0.277597
11246.0 0.277095
11247.0 0.276593
11248.0 0.276092
11249.0 0.275590
11250.0 0.275088
11251.0 0.274587
11252.0 0.274085
11253.0 0.273583
11254.0 0.273081
11255.0 0.272580
11256.0 0.272078
11257.0 0.271576
11258.0 0.271075
11259.0 0.270573
11260.0 0.270071
11261.0 0.269569
11262.0 0.269068
11263.0 0.268566
11264.0 0.268064
11265.0 0.267563
11266.0 0.267061
11267.0 0.266559
11268.0 0.266057
11269.0 0.265556
11270.0 0.265054
11271.0 0.264552
11272.0 0.264050
11273.0 0.263549
11274.0 0.263047
11275.0 0.262545
11276.0 0.262044
11277.0 0.261542
11278.0 0.261040
11279.0 0.260538
11280.0 0.260037
11281.0 0.259535
11282.0 0.259033
11283.0 0.258532
11284.0 0.257871
11285.0 0.257194
11286.0 0.256518
11287.0 0.255842
11288.0 0.255165
11289.0 0.254489
11290.0 0.253812
11291.0 0.253136
11292.0 0.252460
11293.0 0.251783
11294.0 0.260410
11295.0 0.269971
11296.0 0.279533
11297.0 0.289095
11298.0 0.298656
11299.0 0.308218
11300.0 0.317780
11301.0 0.327341
11302.0 0.336903
11303.0 0.346465
11304.0 0.356026
11305.0 0.365588
11306.0 0.375149
11307.0 0.384711
11308.0 0.394273
11309.0 0.403834
11310.0 0.413396
11311.0 0.422958
11312.0 0.432519
11313.0 0.442081
11314.0 0.451643
11315.0 0.461204
11316.0 0.470766
11317.0 0.480328
11318.0 0.489889
11319.0 0.499451
11320.0 0.509012
11321.0 0.518574
11322.0 0.528136
11323.0 0.537697
11324.0 0.524457
11325.0 0.508699
11326.0 0.492940
11327.0 0.477181
11328.0 0.461422
11329.0 0.445664
11330.0 0.429905
11331.0 0.414146
11332.0 0.398387
11333.0 0.382629
11334.0 0.366870
11335.0 0.351111
11336.0 0.335352
11337.0 0.319593
11338.0 0.303835
11339.0 0.288076
11340.0 0.272317
11341.0 0.256558
11342.0 0.240800
11343.0 0.225041
11344.0 0.230413
11345.0 0.238262
11346.0 0.246110
11347.0 0.253959
11348.0 0.261808
11349.0 0.269657
11350.0 0.277505
11351.0 0.285354
11352.0 0.293203
11353.0 0.301051
11354.0 0.308900
11355.0 0.316749
11356.0 0.324598
11357.0 0.332446
11358.0 0.340295
11359.0 0.348144
11360.0 0.355992
11361.0 0.363841
11362.0 0.371690
11363.0 0.379539
11364.0 0.387387
11365.0 0.395236
11366.0 0.403085
11367.0 0.410933
11368.0 0.418782
11369.0 0.426631
11370.0 0.434480
11371.0 0.442328
11372.0 0.450177
11373.0 0.458026
11374.0 0.465874
11375.0 0.473723
11376.0 0.481572
11377.0 0.489420
11378.0 0.497269
11379.0 0.505118
11380.0 0.512967
11381.0 0.520815
11382.0 0.528664
11383.0 0.536513
11384.0 0.518543
11385.0 0.497193
11386.0 0.475844
11387.0 0.454494
11388.0 0.433144
11389.0 0.411795
11390.0 0.390445
11391.0 0.369095
11392.0 0.347746
11393.0 0.326396
11394.0 0.305046
11395.0 0.283696
11396.0 0.262347
11397.0 0.240997
11398.0 0.219647
11399.0 0.198298
11400.0 0.176948
11401.0 0.155598
11402.0 0.134249
11403.0 0.112899
11404.0 0.122594
11405.0 0.136571
11406.0 0.150548
11407.0 0.164525
11408.0 0.178501
11409.0 0.192478
11410.0 0.206455
11411.0 0.220432
11412.0 0.234408
11413.0 0.248385
11414.0 0.262362
11415.0 0.276339
11416.0 0.290315
11417.0 0.304292
11418.0 0.318269
11419.0 0.332246
11420.0 0.346222
11421.0 0.360199
11422.0 0.374176
11423.0 0.388153
11424.0 0.402129
11425.0 0.416106
11426.0 0.430083
11427.0 0.444060
11428.0 0.458036
11429.0 0.472013
11430.0 0.485990
11431.0 0.499967
11432.0 0.513943
11433.0 0.527920
11434.0 0.523906
11435.0 0.517220
11436.0 0.510533
11437.0 0.503847
11438.0 0.497160
11439.0 0.490474
11440.0 0.483788
11441.0 0.477101
11442.0 0.470415
11443.0 0.463728
11444.0 0.457042
11445.0 0.450355
11446.0 0.443669
11447.0 0.436982
11448.0 0.430296
11449.0 0.423610
11450.0 0.416923
11451.0 0.410237
11452.0 0.403550
11453.0 0.396864
11454.0 0.390177
11455.0 0.383491
11456.0 0.376805
11457.0 0.370118
11458.0 0.363432
11459.0 0.356745
11460.0 0.350059
11461.0 0.343372
11462.0 0.336686
11463.0 0.330000
11464.0 0.323313
11465.0 0.316627
11466.0 0.309940
11467.0 0.303254
11468.0 0.296567
11469.0 0.289881
11470.0 0.283194
11471.0 0.276508
11472.0 0.269822
11473.0 0.263135
11474.0 0.262913
11475.0 0.263746
11476.0 0.264578
11477.0 0.265410
11478.0 0.266242
11479.0 0.267075
11480.0 0.267907
11481.0 0.268739
11482.0 0.269571
11483.0 0.270403
11484.0 0.271236
11485.0 0.272068
11486.0 0.272900
11487.0 0.273732
11488.0 0.274565
11489.0 0.275397
11490.0 0.276229
11491.0 0.277061
11492.0 0.277894
11493.0 0.278726
11494.0 0.279558
11495.0 0.280390
11496.0 0.281223
11497.0 0.282055
11498.0 0.282887
11499.0 0.283719
11500.0 0.284551
11501.0 0.285384
11502.0 0.286216
11503.0 0.287048
11504.0 0.287880
11505.0 0.288713
11506.0 0.289545
11507.0 0.290377
11508.0 0.291209
11509.0 0.292042
11510.0 0.292874
11511.0 0.293706
11512.0 0.294538
11513.0 0.295371
11514.0 0.296203
11515.0 0.297035
11516.0 0.297867
11517.0 0.298699
11518.0 0.299532
11519.0 0.300364
11520.0 0.301196
11521.0 0.302028
11522.0 0.302861
11523.0 0.303693
11524.0 0.304525
11525.0 0.305357
11526.0 0.306190
11527.0 0.307022
11528.0 0.307854
11529.0 0.308686
11530.0 0.309519
11531.0 0.310351
11532.0 0.311183
11533.0 0.312015
11534.0 0.312847
11535.0 0.313680
11536.0 0.314512
11537.0 0.315344
11538.0 0.316176
11539.0 0.317009
11540.0 0.317841
11541.0 0.318673
11542.0 0.319505
11543.0 0.320338
11544.0 0.318016
11545.0 0.315096
11546.0 0.312177
11547.0 0.309258
11548.0 0.306339
11549.0 0.303420
11550.0 0.300501
11551.0 0.297581
11552.0 0.294662
11553.0 0.291743
11554.0 0.288824
11555.0 0.285905
11556.0 0.282985
11557.0 0.280066
11558.0 0.277147
11559.0 0.274228
11560.0 0.271309
11561.0 0.268390
11562.0 0.265470
11563.0 0.262551
11564.0 0.259632
11565.0 0.256713
11566.0 0.253794
11567.0 0.250874
11568.0 0.247955
11569.0 0.245036
11570.0 0.242117
11571.0 0.239198
11572.0 0.236279
11573.0 0.233359
11574.0 0.230440
11575.0 0.227521
11576.0 0.224602
11577.0 0.221683
11578.0 0.218764
11579.0 0.215844
11580.0 0.212925
11581.0 0.210006
11582.0 0.207087
11583.0 0.204168
11584.0 0.201248
11585.0 0.198329
11586.0 0.195410
11587.0 0.192491
11588.0 0.189572
11589.0 0.186653
11590.0 0.183733
11591.0 0.180814
11592.0 0.177895
11593.0 0.174976
11594.0 0.181636
11595.0 0.190297
11596.0 0.198958
11597.0 0.207618
11598.0 0.216279
11599.0 0.224940
11600.0 0.233601
11601.0 0.242262
11602.0 0.250922
11603.0 0.259583
11604.0 0.268244
11605.0 0.276905
11606.0 0.285566
11607.0 0.294226
11608.0 0.302887
11609.0 0.311548
11610.0 0.320209
11611.0 0.328869
11612.0 0.337530
11613.0 0.346191
11614.0 0.354852
11615.0 0.363513
11616.0 0.372173
11617.0 0.380834
11618.0 0.389495
11619.0 0.398156
11620.0 0.406817
11621.0 0.415477
11622.0 0.424138
11623.0 0.432799
11624.0 0.441460
11625.0 0.450120
11626.0 0.458781
11627.0 0.467442
11628.0 0.476103
11629.0 0.484764
11630.0 0.493424
11631.0 0.502085
11632.0 0.510746
11633.0 0.519407
11634.0 0.528068
11635.0 0.536728
11636.0 0.545389
11637.0 0.554050
11638.0 0.562711
11639.0 0.571371
11640.0 0.580032
11641.0 0.588693
11642.0 0.597354
11643.0 0.606015
11644.0 0.607924
11645.0 0.608288
11646.0 0.608652
11647.0 0.609015
11648.0 0.609379
11649.0 0.609743
11650.0 0.610106
11651.0 0.610470
11652.0 0.610834
11653.0 0.611197
11654.0 0.611561
11655.0 0.611925
11656.0 0.612288
11657.0 0.612652
11658.0 0.613016
11659.0 0.613379
11660.0 0.613743
11661.0 0.614106
11662.0 0.614470
11663.0 0.614834
11664.0 0.615197
11665.0 0.615561
11666.0 0.615925
11667.0 0.616288
11668.0 0.616652
11669.0 0.617016
11670.0 0.617379
11671.0 0.617743
11672.0 0.618107
11673.0 0.618470
11674.0 0.620109
11675.0 0.622056
11676.0 0.624002
11677.0 0.625949
11678.0 0.627895
11679.0 0.629842
11680.0 0.631789
11681.0 0.633735
11682.0 0.635682
11683.0 0.637628
11684.0 0.639575
11685.0 0.641522
11686.0 0.643468
11687.0 0.645415
11688.0 0.647361
11689.0 0.649308
11690.0 0.651255
11691.0 0.653201
11692.0 0.655148
11693.0 0.657094
11694.0 0.659041
11695.0 0.660987
11696.0 0.662934
11697.0 0.664881
11698.0 0.666827
11699.0 0.668774
11700.0 0.670720
11701.0 0.672667
11702.0 0.674614
11703.0 0.676560
11704.0 0.678328
11705.0 0.680051
11706.0 0.681774
11707.0 0.683497
11708.0 0.685220
11709.0 0.686943
11710.0 0.688666
11711.0 0.690389
11712.0 0.692112
11713.0 0.693835
11714.0 0.695558
11715.0 0.697281
11716.0 0.699004
11717.0 0.700726
11718.0 0.702449
11719.0 0.704172
11720.0 0.705895
11721.0 0.707618
11722.0 0.709341
11723.0 0.711064
11724.0 0.712787
11725.0 0.714510
11726.0 0.716233
11727.0 0.717956
11728.0 0.719679
11729.0 0.721402
11730.0 0.723124
11731.0 0.724847
11732.0 0.726570
11733.0 0.728293
11734.0 0.729391
11735.0 0.730321
11736.0 0.731251
11737.0 0.732181
11738.0 0.733111
11739.0 0.734042
11740.0 0.734972
11741.0 0.735902
11742.0 0.736832
11743.0 0.737762
11744.0 0.738693
11745.0 0.739623
11746.0 0.740553
11747.0 0.741483
11748.0 0.742414
11749.0 0.743344
11750.0 0.744274
11751.0 0.745204
11752.0 0.746134
11753.0 0.747065
11754.0 0.748910
11755.0 0.751009
11756.0 0.753107
11757.0 0.755205
11758.0 0.757304
11759.0 0.759402
11760.0 0.761500
11761.0 0.763599
11762.0 0.765697
11763.0 0.767795
11764.0 0.769894
11765.0 0.771992
11766.0 0.774090
11767.0 0.776189
11768.0 0.778287
11769.0 0.780385
11770.0 0.782483
11771.0 0.784582
11772.0 0.786680
11773.0 0.788778
11774.0 0.790877
11775.0 0.792975
11776.0 0.795073
11777.0 0.797172
11778.0 0.799270
11779.0 0.801368
11780.0 0.803467
11781.0 0.805565
11782.0 0.807663
11783.0 0.809762
11784.0 0.811860
11785.0 0.813958
11786.0 0.816057
11787.0 0.818155
11788.0 0.820253
11789.0 0.822352
11790.0 0.824450
11791.0 0.826548
11792.0 0.828646
11793.0 0.830745
11794.0 0.830187
11795.0 0.828850
11796.0 0.827512
11797.0 0.826175
11798.0 0.824837
11799.0 0.823500
11800.0 0.822162
11801.0 0.820825
11802.0 0.819487
11803.0 0.818150
11804.0 0.816812
11805.0 0.815475
11806.0 0.814137
11807.0 0.812800
11808.0 0.811462
11809.0 0.810125
11810.0 0.808787
11811.0 0.807450
11812.0 0.806112
11813.0 0.804775
11814.0 0.803437
11815.0 0.802099
11816.0 0.800762
11817.0 0.799424
11818.0 0.798087
11819.0 0.796749
11820.0 0.795412
11821.0 0.794074
11822.0 0.792737
11823.0 0.791399
11824.0 0.791454
11825.0 0.791937
11826.0 0.792420
11827.0 0.792902
11828.0 0.793385
11829.0 0.793868
11830.0 0.794351
11831.0 0.794834
11832.0 0.795316
11833.0 0.795799
11834.0 0.796282
11835.0 0.796765
11836.0 0.797248
11837.0 0.797730
11838.0 0.798213
11839.0 0.798696
11840.0 0.799179
11841.0 0.799661
11842.0 0.800144
11843.0 0.800627
11844.0 0.801110
11845.0 0.801593
11846.0 0.802075
11847.0 0.802558
11848.0 0.803041
11849.0 0.803524
11850.0 0.804007
11851.0 0.804489
11852.0 0.804972
11853.0 0.805455
11854.0 0.805938
11855.0 0.806421
11856.0 0.806903
11857.0 0.807386
11858.0 0.807869
11859.0 0.808352
11860.0 0.808835
11861.0 0.809317
11862.0 0.809800
11863.0 0.810283
11864.0 0.811431
11865.0 0.812796
11866.0 0.814161
11867.0 0.815526
11868.0 0.816891
11869.0 0.818257
11870.0 0.819622
11871.0 0.820987
11872.0 0.822352
11873.0 0.823717
11874.0 0.825082
11875.0 0.826447
11876.0 0.827812
11877.0 0.829178
11878.0 0.830543
11879.0 0.831908
11880.0 0.833273
11881.0 0.834638
11882.0 0.836003
11883.0 0.837368
11884.0 0.837695
11885.0 0.837672
11886.0 0.837649
11887.0 0.837627
11888.0 0.837604
11889.0 0.837582
11890.0 0.837559
11891.0 0.837536
11892.0 0.837514
11893.0 0.837491
11894.0 0.837469
11895.0 0.837446
11896.0 0.837423
11897.0 0.837401
11898.0 0.837378
11899.0 0.837355
11900.0 0.837333
11901.0 0.837310
11902.0 0.837288
11903.0 0.837265
11904.0 0.837242
11905.0 0.837220
11906.0 0.837197
11907.0 0.837175
11908.0 0.837152
11909.0 0.837129
11910.0 0.837107
11911.0 0.837084
11912.0 0.837061
11913.0 0.837039
11914.0 0.837016
11915.0 0.836994
11916.0 0.836971
11917.0 0.836948
11918.0 0.836926
11919.0 0.836903
11920.0 0.836880
11921.0 0.836858
11922.0 0.836835
11923.0 0.836813
11924.0 0.834689
11925.0 0.831819
11926.0 0.828949
11927.0 0.826078
11928.0 0.823208
11929.0 0.820338
11930.0 0.817468
11931.0 0.814597
11932.0 0.811727
11933.0 0.808857
11934.0 0.805986
11935.0 0.803116
11936.0 0.800246
11937.0 0.797375
11938.0 0.794505
11939.0 0.791635
11940.0 0.788764
11941.0 0.785894
11942.0 0.783024
11943.0 0.780154
11944.0 0.777283
11945.0 0.774413
11946.0 0.771543
11947.0 0.768672
11948.0 0.765802
11949.0 0.762932
11950.0 0.760061
11951.0 0.757191
11952.0 0.754321
11953.0 0.751450
11954.0 0.749909
11955.0 0.748860
11956.0 0.747811
11957.0 0.746762
11958.0 0.745714
11959.0 0.744665
11960.0 0.743616
11961.0 0.742567
11962.0 0.741518
11963.0 0.740470
11964.0 0.739421
11965.0 0.738372
11966.0 0.737323
11967.0 0.736274
11968.0 0.735225
11969.0 0.734177
11970.0 0.733128
11971.0 0.732079
11972.0 0.731030
11973.0 0.729981
11974.0 0.728932
11975.0 0.727884
11976.0 0.726835
11977.0 0.725786
11978.0 0.724737
11979.0 0.723688
11980.0 0.722640
11981.0 0.721591
11982.0 0.720542
11983.0 0.719493
11984.0 0.718444
11985.0 0.717395
11986.0 0.716347
11987.0 0.715298
11988.0 0.714249
11989.0 0.713200
11990.0 0.712151
11991.0 0.711102
11992.0 0.710054
11993.0 0.709005
11994.0 0.708488
11995.0 0.708179
11996.0 0.707871
11997.0 0.707562
11998.0 0.707253
11999.0 0.706945
12000.0 0.706636
12001.0 0.706327
12002.0 0.706018
12003.0 0.705710
12004.0 0.705401
12005.0 0.705092
12006.0 0.704784
12007.0 0.704475
12008.0 0.704166
12009.0 0.703858
12010.0 0.703549
12011.0 0.703240
12012.0 0.702932
12013.0 0.702623
12014.0 0.702314
12015.0 0.702006
12016.0 0.701697
12017.0 0.701388
12018.0 0.701079
12019.0 0.700771
12020.0 0.700462
12021.0 0.700153
12022.0 0.699845
12023.0 0.699536
12024.0 0.699509
12025.0 0.699596
12026.0 0.699683
12027.0 0.699770
12028.0 0.699857
12029.0 0.699944
12030.0 0.700031
12031.0 0.700119
12032.0 0.700206
12033.0 0.700293
12034.0 0.700380
12035.0 0.700467
12036.0 0.700554
12037.0 0.700641
12038.0 0.700728
12039.0 0.700816
12040.0 0.700903
12041.0 0.700990
12042.0 0.701077
12043.0 0.701164
12044.0 0.701251
12045.0 0.701338
12046.0 0.701426
12047.0 0.701513
12048.0 0.701600
12049.0 0.701687
12050.0 0.701774
12051.0 0.701861
12052.0 0.701948
12053.0 0.702035
12054.0 0.702123
12055.0 0.702210
12056.0 0.702297
12057.0 0.702384
12058.0 0.702471
12059.0 0.702558
12060.0 0.702645
12061.0 0.702733
12062.0 0.702820
12063.0 0.702907
12064.0 0.702994
12065.0 0.703081
12066.0 0.703168
12067.0 0.703255
12068.0 0.703342
12069.0 0.703430
12070.0 0.703517
12071.0 0.703604
12072.0 0.703691
12073.0 0.703778
12074.0 0.703865
12075.0 0.703952
12076.0 0.704040
12077.0 0.704127
12078.0 0.704214
12079.0 0.704301
12080.0 0.704388
12081.0 0.704475
12082.0 0.704562
12083.0 0.704649
12084.0 0.704737
12085.0 0.704824
12086.0 0.704911
12087.0 0.704998
12088.0 0.705085
12089.0 0.705172
12090.0 0.705259
12091.0 0.705347
12092.0 0.705434
12093.0 0.705521
12094.0 0.705503
12095.0 0.705440
12096.0 0.705376
12097.0 0.705312
12098.0 0.705248
12099.0 0.705184
12100.0 0.705120
12101.0 0.705056
12102.0 0.704992
12103.0 0.704928
12104.0 0.704864
12105.0 0.704800
12106.0 0.704736
12107.0 0.704672
12108.0 0.704608
12109.0 0.704544
12110.0 0.704481
12111.0 0.704417
12112.0 0.704353
12113.0 0.704289
12114.0 0.704225
12115.0 0.704161
12116.0 0.704097
12117.0 0.704033
12118.0 0.703969
12119.0 0.703905
12120.0 0.703841
12121.0 0.703777
12122.0 0.703713
12123.0 0.703649
12124.0 0.703586
12125.0 0.703522
12126.0 0.703458
12127.0 0.703394
12128.0 0.703330
12129.0 0.703266
12130.0 0.703202
12131.0 0.703138
12132.0 0.703074
12133.0 0.703010
12134.0 0.702946
12135.0 0.702882
12136.0 0.702818
12137.0 0.702754
12138.0 0.702690
12139.0 0.702627
12140.0 0.702563
12141.0 0.702499
12142.0 0.702435
12143.0 0.702371
12144.0 0.702307
12145.0 0.702243
12146.0 0.702179
12147.0 0.702115
12148.0 0.702051
12149.0 0.701987
12150.0 0.701923
12151.0 0.701859
12152.0 0.701795
12153.0 0.701732
12154.0 0.701668
12155.0 0.701604
12156.0 0.701540
12157.0 0.701476
12158.0 0.701412
12159.0 0.701348
12160.0 0.701284
12161.0 0.701220
12162.0 0.701156
12163.0 0.701092
12164.0 0.701507
12165.0 0.702155
12166.0 0.702803
12167.0 0.703451
12168.0 0.704100
12169.0 0.704748
12170.0 0.705396
12171.0 0.706044
12172.0 0.706692
12173.0 0.707340
12174.0 0.707988
12175.0 0.708636
12176.0 0.709285
12177.0 0.709933
12178.0 0.710581
12179.0 0.711229
12180.0 0.711877
12181.0 0.712525
12182.0 0.713173
12183.0 0.713821
12184.0 0.714470
12185.0 0.715118
12186.0 0.715766
12187.0 0.716414
12188.0 0.717062
12189.0 0.717710
12190.0 0.718358
12191.0 0.719006
12192.0 0.719655
12193.0 0.720303
12194.0 0.720951
12195.0 0.721599
12196.0 0.722247
12197.0 0.722895
12198.0 0.723543
12199.0 0.724191
12200.0 0.724839
12201.0 0.725488
12202.0 0.726136
12203.0 0.726784
12204.0 0.727432
12205.0 0.728080
12206.0 0.728728
12207.0 0.729376
12208.0 0.730024
12209.0 0.730673
12210.0 0.731321
12211.0 0.731969
12212.0 0.732617
12213.0 0.733265
12214.0 0.733189
12215.0 0.732738
12216.0 0.732287
12217.0 0.731836
12218.0 0.731385
12219.0 0.730934
12220.0 0.730483
12221.0 0.730032
12222.0 0.729581
12223.0 0.729130
12224.0 0.728679
12225.0 0.728228
12226.0 0.727777
12227.0 0.727326
12228.0 0.726875
12229.0 0.726424
12230.0 0.725973
12231.0 0.725522
12232.0 0.725071
12233.0 0.724620
12234.0 0.724169
12235.0 0.723718
12236.0 0.723267
12237.0 0.722816
12238.0 0.722365
12239.0 0.721914
12240.0 0.721463
12241.0 0.721012
12242.0 0.720561
12243.0 0.720110
12244.0 0.719659
12245.0 0.719208
12246.0 0.718757
12247.0 0.718306
12248.0 0.717855
12249.0 0.717404
12250.0 0.716953
12251.0 0.716502
12252.0 0.716051
12253.0 0.715600
12254.0 0.715149
12255.0 0.714698
12256.0 0.714247
12257.0 0.713796
12258.0 0.713346
12259.0 0.712895
12260.0 0.712444
12261.0 0.711993
12262.0 0.711542
12263.0 0.711091
12264.0 0.710640
12265.0 0.710189
12266.0 0.709738
12267.0 0.709287
12268.0 0.708836
12269.0 0.708385
12270.0 0.707934
12271.0 0.707483
12272.0 0.707032
12273.0 0.706581
12274.0 0.708617
12275.0 0.712037
12276.0 0.715458
12277.0 0.718878
12278.0 0.722298
12279.0 0.725718
12280.0 0.729138
12281.0 0.732558
12282.0 0.735978
12283.0 0.739398
12284.0 0.742818
12285.0 0.746238
12286.0 0.749658
12287.0 0.753078
12288.0 0.756499
12289.0 0.759919
12290.0 0.763339
12291.0 0.766759
12292.0 0.770179
12293.0 0.773599
12294.0 0.777019
12295.0 0.780439
12296.0 0.783859
12297.0 0.787279
12298.0 0.790699
12299.0 0.794119
12300.0 0.797540
12301.0 0.800960
12302.0 0.804380
12303.0 0.807800
12304.0 0.811220
12305.0 0.814640
12306.0 0.818060
12307.0 0.821480
12308.0 0.824900
12309.0 0.828320
12310.0 0.831740
12311.0 0.835160
12312.0 0.838581
12313.0 0.842001
12314.0 0.844265
12315.0 0.845855
12316.0 0.847444
12317.0 0.849034
12318.0 0.850624
12319.0 0.852214
12320.0 0.853804
12321.0 0.855394
12322.0 0.856984
12323.0 0.858574
12324.0 0.860164
12325.0 0.861754
12326.0 0.863344
12327.0 0.864934
12328.0 0.866524
12329.0 0.868114
12330.0 0.869704
12331.0 0.871294
12332.0 0.872884
12333.0 0.874474
12334.0 0.876064
12335.0 0.877654
12336.0 0.879244
12337.0 0.880834
12338.0 0.882424
12339.0 0.884014
12340.0 0.885604
12341.0 0.887194
12342.0 0.888784
12343.0 0.890374
12344.0 0.891964
12345.0 0.893554
12346.0 0.895144
12347.0 0.896734
12348.0 0.898324
12349.0 0.899914
12350.0 0.901504
12351.0 0.903093
12352.0 0.904683
12353.0 0.906273
12354.0 0.907863
12355.0 0.909453
12356.0 0.911043
12357.0 0.912633
12358.0 0.914223
12359.0 0.915813
12360.0 0.917403
12361.0 0.918993
12362.0 0.920583
12363.0 0.922173
12364.0 0.923254
12365.0 0.924020
12366.0 0.924787
12367.0 0.925553
12368.0 0.926319
12369.0 0.927086
12370.0 0.927852
12371.0 0.928618
12372.0 0.929385
12373.0 0.930151
12374.0 0.930917
12375.0 0.931684
12376.0 0.932450
12377.0 0.933216
12378.0 0.933983
12379.0 0.934749
12380.0 0.935516
12381.0 0.936282
12382.0 0.937048
12383.0 0.937815
12384.0 0.938581
12385.0 0.939347
12386.0 0.940114
12387.0 0.940880
12388.0 0.941646
12389.0 0.942413
12390.0 0.943179
12391.0 0.943945
12392.0 0.944712
12393.0 0.945478
12394.0 0.946244
12395.0 0.947011
12396.0 0.947777
12397.0 0.948543
12398.0 0.949310
12399.0 0.950076
12400.0 0.950842
12401.0 0.951609
12402.0 0.952375
12403.0 0.953141
12404.0 0.953672
12405.0 0.954049
12406.0 0.954426
12407.0 0.954803
12408.0 0.955181
12409.0 0.955558
12410.0 0.955935
12411.0 0.956312
12412.0 0.956690
12413.0 0.957067
12414.0 0.957444
12415.0 0.957821
12416.0 0.958199
12417.0 0.958576
12418.0 0.958953
12419.0 0.959331
12420.0 0.959708
12421.0 0.960085
12422.0 0.960462
12423.0 0.960840
12424.0 0.961217
12425.0 0.961594
12426.0 0.961971
12427.0 0.962349
12428.0 0.962726
12429.0 0.963103
12430.0 0.963480
12431.0 0.963858
12432.0 0.964235
12433.0 0.964612
12434.0 0.964990
12435.0 0.965367
12436.0 0.965744
12437.0 0.966121
12438.0 0.966499
12439.0 0.966876
12440.0 0.967253
12441.0 0.967630
12442.0 0.968008
12443.0 0.968385
12444.0 0.968377
12445.0 0.968107
12446.0 0.967838
12447.0 0.967568
12448.0 0.967299
12449.0 0.967029
12450.0 0.966760
12451.0 0.966491
12452.0 0.966221
12453.0 0.965952
12454.0 0.965682
12455.0 0.965413
12456.0 0.965143
12457.0 0.964874
12458.0 0.964605
12459.0 0.964335
12460.0 0.964066
12461.0 0.963796
12462.0 0.963527
12463.0 0.963257
12464.0 0.962988
12465.0 0.962719
12466.0 0.962449
12467.0 0.962180
12468.0 0.961910
12469.0 0.961641
12470.0 0.961371
12471.0 0.961102
12472.0 0.960833
12473.0 0.960563
12474.0 0.960091
12475.0 0.959477
12476.0 0.958863
12477.0 0.958249
12478.0 0.957635
12479.0 0.957021
12480.0 0.956407
12481.0 0.955793
12482.0 0.955179
12483.0 0.954565
12484.0 0.953952
12485.0 0.953338
12486.0 0.952724
12487.0 0.952110
12488.0 0.951496
12489.0 0.950882
12490.0 0.950268
12491.0 0.949654
12492.0 0.949040
12493.0 0.948426
12494.0 0.947812
12495.0 0.947198
12496.0 0.946584
12497.0 0.945970
12498.0 0.945356
12499.0 0.944742
12500.0 0.944128
12501.0 0.943514
12502.0 0.942900
12503.0 0.942286
12504.0 0.941672
12505.0 0.941059
12506.0 0.940445
12507.0 0.939831
12508.0 0.939217
12509.0 0.938603
12510.0 0.937989
12511.0 0.937375
12512.0 0.936761
12513.0 0.936147
12514.0 0.935533
12515.0 0.934919
12516.0 0.934305
12517.0 0.933691
12518.0 0.933077
12519.0 0.932463
12520.0 0.931849
12521.0 0.931235
12522.0 0.930621
12523.0 0.930007
12524.0 0.929393
12525.0 0.928779
12526.0 0.928165
12527.0 0.927552
12528.0 0.926938
12529.0 0.926324
12530.0 0.925710
12531.0 0.925096
12532.0 0.924482
12533.0 0.923868
12534.0 0.922754
12535.0 0.921267
12536.0 0.919780
12537.0 0.918293
12538.0 0.916806
12539.0 0.915319
12540.0 0.913832
12541.0 0.912345
12542.0 0.910858
12543.0 0.909371
12544.0 0.907884
12545.0 0.906397
12546.0 0.904910
12547.0 0.903423
12548.0 0.901936
12549.0 0.900449
12550.0 0.898962
12551.0 0.897475
12552.0 0.895988
12553.0 0.894501
12554.0 0.893100
12555.0 0.891765
12556.0 0.890429
12557.0 0.889094
12558.0 0.887758
12559.0 0.886423
12560.0 0.885087
12561.0 0.883752
12562.0 0.882417
12563.0 0.881081
12564.0 0.879746
12565.0 0.878410
12566.0 0.877075
12567.0 0.875739
12568.0 0.874404
12569.0 0.873068
12570.0 0.871733
12571.0 0.870398
12572.0 0.869062
12573.0 0.867727
12574.0 0.866391
12575.0 0.865056
12576.0 0.863720
12577.0 0.862385
12578.0 0.861049
12579.0 0.859714
12580.0 0.858378
12581.0 0.857043
12582.0 0.855708
12583.0 0.854372
12584.0 0.852368
12585.0 0.849834
12586.0 0.847300
12587.0 0.844767
12588.0 0.842233
12589.0 0.839700
12590.0 0.837166
12591.0 0.834633
12592.0 0.832099
12593.0 0.829566
12594.0 0.827032
12595.0 0.824499
12596.0 0.821965
12597.0 0.819431
12598.0 0.816898
12599.0 0.814364
12600.0 0.811831
12601.0 0.809297
12602.0 0.806764
12603.0 0.804230
12604.0 0.802519
12605.0 0.801474
12606.0 0.800429
12607.0 0.799383
12608.0 0.798338
12609.0 0.797293
12610.0 0.796247
12611.0 0.795202
12612.0 0.794157
12613.0 0.793111
12614.0 0.792066
12615.0 0.791021
12616.0 0.789975
12617.0 0.788930
12618.0 0.787885
12619.0 0.786839
12620.0 0.785794
12621.0 0.784749
12622.0 0.783703
12623.0 0.782658
12624.0 0.781613
12625.0 0.780567
12626.0 0.779522
12627.0 0.778477
12628.0 0.777431
12629.0 0.776386
12630.0 0.775341
12631.0 0.774295
12632.0 0.773250
12633.0 0.772205
12634.0 0.771159
12635.0 0.770114
12636.0 0.769068
12637.0 0.768023
12638.0 0.766978
12639.0 0.765932
12640.0 0.764887
12641.0 0.763842
12642.0 0.762796
12643.0 0.761751
12644.0 0.760706
12645.0 0.759660
12646.0 0.758615
12647.0 0.757570
12648.0 0.756524
12649.0 0.755479
12650.0 0.754434
12651.0 0.753388
12652.0 0.752343
12653.0 0.751298
12654.0 0.750039
12655.0 0.748598
12656.0 0.747157
12657.0 0.745715
12658.0 0.744274
12659.0 0.742833
12660.0 0.741392
12661.0 0.739951
12662.0 0.738510
12663.0 0.737068
12664.0 0.735627
12665.0 0.734186
12666.0 0.732745
12667.0 0.731304
12668.0 0.729863
12669.0 0.728422
12670.0 0.726980
12671.0 0.725539
12672.0 0.724098
12673.0 0.722657
12674.0 0.721216
12675.0 0.719775
12676.0 0.718334
12677.0 0.716892
12678.0 0.715451
12679.0 0.714010
12680.0 0.712569
12681.0 0.711128
12682.0 0.709687
12683.0 0.708246
12684.0 0.706804
12685.0 0.705363
12686.0 0.703922
12687.0 0.702481
12688.0 0.701040
12689.0 0.699599
12690.0 0.698158
12691.0 0.696716
12692.0 0.695275
12693.0 0.693834
12694.0 0.692393
12695.0 0.690952
12696.0 0.689511
12697.0 0.688070
12698.0 0.686628
12699.0 0.685187
12700.0 0.683746
12701.0 0.682305
12702.0 0.680864
12703.0 0.679423
12704.0 0.678469
12705.0 0.677956
12706.0 0.677442
12707.0 0.676929
12708.0 0.676415
12709.0 0.675902
12710.0 0.675389
12711.0 0.674875
12712.0 0.674362
12713.0 0.673848
12714.0 0.673335
12715.0 0.672821
12716.0 0.672308
12717.0 0.671794
12718.0 0.671281
12719.0 0.670767
12720.0 0.670254
12721.0 0.669740
12722.0 0.669227
12723.0 0.668713
12724.0 0.668200
12725.0 0.667687
12726.0 0.667173
12727.0 0.666660
12728.0 0.666146
12729.0 0.665633
12730.0 0.665119
12731.0 0.664606
12732.0 0.664092
12733.0 0.663579
12734.0 0.663065
12735.0 0.662552
12736.0 0.662038
12737.0 0.661525
12738.0 0.661011
12739.0 0.660498
12740.0 0.659985
12741.0 0.659471
12742.0 0.658958
12743.0 0.658444
12744.0 0.657931
12745.0 0.657417
12746.0 0.656904
12747.0 0.656390
12748.0 0.655877
12749.0 0.655363
12750.0 0.654850
12751.0 0.654336
12752.0 0.653823
12753.0 0.653310
12754.0 0.652884
12755.0 0.652542
12756.0 0.652200
12757.0 0.651859
12758.0 0.651517
12759.0 0.651175
12760.0 0.650833
12761.0 0.650491
12762.0 0.650149
12763.0 0.649808
12764.0 0.649466
12765.0 0.649124
12766.0 0.648782
12767.0 0.648440
12768.0 0.648099
12769.0 0.647757
12770.0 0.647415
12771.0 0.647073
12772.0 0.646731
12773.0 0.646389
12774.0 0.646048
12775.0 0.645706
12776.0 0.645364
12777.0 0.645022
12778.0 0.644680
12779.0 0.644339
12780.0 0.643997
12781.0 0.643655
12782.0 0.643313
12783.0 0.642971
12784.0 0.642629
12785.0 0.642288
12786.0 0.641946
12787.0 0.641604
12788.0 0.641262
12789.0 0.640920
12790.0 0.640579
12791.0 0.640237
12792.0 0.639895
12793.0 0.639553
12794.0 0.639409
12795.0 0.639461
12796.0 0.639513
12797.0 0.639566
12798.0 0.639618
12799.0 0.639670
12800.0 0.639723
12801.0 0.639775
12802.0 0.639827
12803.0 0.639880
12804.0 0.639932
12805.0 0.639984
12806.0 0.640037
12807.0 0.640089
12808.0 0.640141
12809.0 0.640193
12810.0 0.640246
12811.0 0.640298
12812.0 0.640350
12813.0 0.640403
12814.0 0.640455
12815.0 0.640507
12816.0 0.640560
12817.0 0.640612
12818.0 0.640664
12819.0 0.640717
12820.0 0.640769
12821.0 0.640821
12822.0 0.640873
12823.0 0.640926
12824.0 0.640978
12825.0 0.641030
12826.0 0.641083
12827.0 0.641135
12828.0 0.641187
12829.0 0.641240
12830.0 0.641292
12831.0 0.641344
12832.0 0.641397
12833.0 0.641449
12834.0 0.641501
12835.0 0.641553
12836.0 0.641606
12837.0 0.641658
12838.0 0.641710
12839.0 0.641763
12840.0 0.641815
12841.0 0.641867
12842.0 0.641920
12843.0 0.641972
12844.0 0.642024
12845.0 0.642077
12846.0 0.642129
12847.0 0.642181
12848.0 0.642234
12849.0 0.642286
12850.0 0.642338
12851.0 0.642390
12852.0 0.642443
12853.0 0.642495
12854.0 0.642547
12855.0 0.642600
12856.0 0.642652
12857.0 0.642704
12858.0 0.642757
12859.0 0.642809
12860.0 0.642861
12861.0 0.642914
12862.0 0.642966
12863.0 0.643018
12864.0 0.643095
12865.0 0.643197
12866.0 0.643300
12867.0 0.643402
12868.0 0.643505
12869.0 0.643607
12870.0 0.643710
12871.0 0.643812
12872.0 0.643915
12873.0 0.644017
12874.0 0.644120
12875.0 0.644222
12876.0 0.644325
12877.0 0.644427
12878.0 0.644530
12879.0 0.644633
12880.0 0.644735
12881.0 0.644838
12882.0 0.644940
12883.0 0.645043
12884.0 0.645145
12885.0 0.645248
12886.0 0.645350
12887.0 0.645453
12888.0 0.645555
12889.0 0.645658
12890.0 0.645760
12891.0 0.645863
12892.0 0.645965
12893.0 0.646068
12894.0 0.646170
12895.0 0.646273
12896.0 0.646375
12897.0 0.646478
12898.0 0.646580
12899.0 0.646683
12900.0 0.646785
12901.0 0.646888
12902.0 0.646991
12903.0 0.647093
12904.0 0.647196
12905.0 0.647298
12906.0 0.647401
12907.0 0.647503
12908.0 0.647606
12909.0 0.647708
12910.0 0.647811
12911.0 0.647913
12912.0 0.648016
12913.0 0.648118
12914.0 0.648221
12915.0 0.648323
12916.0 0.648426
12917.0 0.648528
12918.0 0.648631
12919.0 0.648733
12920.0 0.648836
12921.0 0.648938
12922.0 0.649041
12923.0 0.649144
12924.0 0.649514
12925.0 0.650191
12926.0 0.650868
12927.0 0.651544
12928.0 0.652221
12929.0 0.652898
12930.0 0.653575
12931.0 0.654252
12932.0 0.654929
12933.0 0.655606
12934.0 0.656283
12935.0 0.656959
12936.0 0.657636
12937.0 0.658313
12938.0 0.658990
12939.0 0.659667
12940.0 0.660344
12941.0 0.661021
12942.0 0.661698
12943.0 0.662374
12944.0 0.663051
12945.0 0.663728
12946.0 0.664405
12947.0 0.665082
12948.0 0.665759
12949.0 0.666436
12950.0 0.667113
12951.0 0.667790
12952.0 0.668466
12953.0 0.669143
12954.0 0.669820
12955.0 0.670497
12956.0 0.671174
12957.0 0.671851
12958.0 0.672528
12959.0 0.673205
12960.0 0.673881
12961.0 0.674558
12962.0 0.675235
12963.0 0.675912
12964.0 0.676589
12965.0 0.677266
12966.0 0.677943
12967.0 0.678620
12968.0 0.679297
12969.0 0.679973
12970.0 0.680650
12971.0 0.681327
12972.0 0.682004
12973.0 0.682681
12974.0 0.683690
12975.0 0.685102
12976.0 0.686513
12977.0 0.687925
12978.0 0.689336
12979.0 0.690748
12980.0 0.692159
12981.0 0.693570
12982.0 0.694982
12983.0 0.696393
12984.0 0.697805
12985.0 0.699216
12986.0 0.700628
12987.0 0.702039
12988.0 0.703451
12989.0 0.704862
12990.0 0.706274
12991.0 0.707685
12992.0 0.709097
12993.0 0.710508
12994.0 0.711920
12995.0 0.713331
12996.0 0.714742
12997.0 0.716154
12998.0 0.717565
12999.0 0.718977
13000.0 0.720388
13001.0 0.721800
13002.0 0.723211
13003.0 0.724623
13004.0 0.726034
13005.0 0.727446
13006.0 0.728857
13007.0 0.730269
13008.0 0.731680
13009.0 0.733091
13010.0 0.734503
13011.0 0.735914
13012.0 0.737326
13013.0 0.738737
13014.0 0.740149
13015.0 0.741560
13016.0 0.742972
13017.0 0.744383
13018.0 0.745795
13019.0 0.747206
13020.0 0.748618
13021.0 0.750029
13022.0 0.751441
13023.0 0.752852
13024.0 0.753981
13025.0 0.754750
13026.0 0.755518
13027.0 0.756287
13028.0 0.757055
13029.0 0.757824
13030.0 0.758592
13031.0 0.759361
13032.0 0.760129
13033.0 0.760898
13034.0 0.761666
13035.0 0.762435
13036.0 0.763203
13037.0 0.763972
13038.0 0.764740
13039.0 0.765509
13040.0 0.766277
13041.0 0.767046
13042.0 0.767814
13043.0 0.768583
13044.0 0.769352
13045.0 0.770120
13046.0 0.770889
13047.0 0.771657
13048.0 0.772426
13049.0 0.773194
13050.0 0.773963
13051.0 0.774731
13052.0 0.775500
13053.0 0.776268
13054.0 0.777479
13055.0 0.779275
13056.0 0.781070
13057.0 0.782866
13058.0 0.784661
13059.0 0.786457
13060.0 0.788253
13061.0 0.790048
13062.0 0.791844
13063.0 0.793639
13064.0 0.795435
13065.0 0.797230
13066.0 0.799026
13067.0 0.800822
13068.0 0.802617
13069.0 0.804413
13070.0 0.806208
13071.0 0.808004
13072.0 0.809799
13073.0 0.811595
13074.0 0.812133
13075.0 0.810971
13076.0 0.809810
13077.0 0.808648
13078.0 0.807487
13079.0 0.806325
13080.0 0.805164
13081.0 0.804002
13082.0 0.802841
13083.0 0.801679
13084.0 0.800518
13085.0 0.799357
13086.0 0.798195
13087.0 0.797034
13088.0 0.795872
13089.0 0.794711
13090.0 0.793549
13091.0 0.792388
13092.0 0.791226
13093.0 0.790065
13094.0 0.788903
13095.0 0.787742
13096.0 0.786580
13097.0 0.785419
13098.0 0.784257
13099.0 0.783096
13100.0 0.781934
13101.0 0.780773
13102.0 0.779611
13103.0 0.778450
13104.0 0.776994
13105.0 0.775126
13106.0 0.773259
13107.0 0.771392
13108.0 0.769525
13109.0 0.767657
13110.0 0.765790
13111.0 0.763923
13112.0 0.762056
13113.0 0.760188
13114.0 0.758321
13115.0 0.756454
13116.0 0.754587
13117.0 0.752719
13118.0 0.750852
13119.0 0.748985
13120.0 0.747118
13121.0 0.745250
13122.0 0.743383
13123.0 0.741516
13124.0 0.739648
13125.0 0.737781
13126.0 0.735914
13127.0 0.734047
13128.0 0.732179
13129.0 0.730312
13130.0 0.728445
13131.0 0.726578
13132.0 0.724710
13133.0 0.722843
13134.0 0.724897
13135.0 0.732617
13136.0 0.740337
13137.0 0.748057
13138.0 0.755776
13139.0 0.763496
13140.0 0.771216
13141.0 0.778936
13142.0 0.786655
13143.0 0.794375
13144.0 0.802095
13145.0 0.809815
13146.0 0.817535
13147.0 0.825254
13148.0 0.832974
13149.0 0.840694
13150.0 0.848414
13151.0 0.856134
13152.0 0.863853
13153.0 0.871573
13154.0 0.879293
13155.0 0.887013
13156.0 0.894733
13157.0 0.902452
13158.0 0.910172
13159.0 0.917892
13160.0 0.925612
13161.0 0.933332
13162.0 0.941051
13163.0 0.948771
13164.0 0.952095
13165.0 0.948849
13166.0 0.945602
13167.0 0.942356
13168.0 0.939109
13169.0 0.935863
13170.0 0.932617
13171.0 0.929370
13172.0 0.926124
13173.0 0.922878
13174.0 0.919631
13175.0 0.916385
13176.0 0.913138
13177.0 0.909892
13178.0 0.906646
13179.0 0.903399
13180.0 0.900153
13181.0 0.896907
13182.0 0.893660
13183.0 0.890414
13184.0 0.887167
13185.0 0.883921
13186.0 0.880675
13187.0 0.877428
13188.0 0.874182
13189.0 0.870936
13190.0 0.867689
13191.0 0.864443
13192.0 0.861196
13193.0 0.857950
13194.0 0.855844
13195.0 0.855500
13196.0 0.855156
13197.0 0.854813
13198.0 0.854469
13199.0 0.854125
13200.0 0.853782
13201.0 0.853438
13202.0 0.853094
13203.0 0.852751
13204.0 0.852407
13205.0 0.852064
13206.0 0.851720
13207.0 0.851376
13208.0 0.851033
13209.0 0.850689
13210.0 0.850345
13211.0 0.850002
13212.0 0.849658
13213.0 0.849314
13214.0 0.848971
13215.0 0.848627
13216.0 0.848283
13217.0 0.847940
13218.0 0.847596
13219.0 0.847252
13220.0 0.846909
13221.0 0.846565
13222.0 0.846222
13223.0 0.845878
13224.0 0.845534
13225.0 0.845191
13226.0 0.844847
13227.0 0.844503
13228.0 0.844160
13229.0 0.843816
13230.0 0.843472
13231.0 0.843129
13232.0 0.842785
13233.0 0.842441
13234.0 0.844249
13235.0 0.849540
13236.0 0.854830
13237.0 0.860120
13238.0 0.865411
13239.0 0.870701
13240.0 0.875992
13241.0 0.881282
13242.0 0.886572
13243.0 0.891863
13244.0 0.897153
13245.0 0.902444
13246.0 0.907734
13247.0 0.913024
13248.0 0.918315
13249.0 0.923605
13250.0 0.928896
13251.0 0.934186
13252.0 0.939476
13253.0 0.944767
13254.0 0.950057
13255.0 0.955348
13256.0 0.960638
13257.0 0.965928
13258.0 0.971219
13259.0 0.976509
13260.0 0.981800
13261.0 0.987090
13262.0 0.992380
13263.0 0.997671
13264.0 1.000000
13265.0 0.997367
13266.0 0.994733
13267.0 0.992100
13268.0 0.989466
13269.0 0.986833
13270.0 0.984199
13271.0 0.981566
13272.0 0.978932
13273.0 0.976299
13274.0 0.973665
13275.0 0.971032
13276.0 0.968398
13277.0 0.965765
13278.0 0.963131
13279.0 0.960498
13280.0 0.957864
13281.0 0.955231
13282.0 0.952597
13283.0 0.949964
13284.0 0.947331
13285.0 0.944697
13286.0 0.942064
13287.0 0.939430
13288.0 0.936797
13289.0 0.934163
13290.0 0.931530
13291.0 0.928896
13292.0 0.926263
13293.0 0.923629
13294.0 0.920996
13295.0 0.918362
13296.0 0.915729
13297.0 0.913095
13298.0 0.910462
13299.0 0.907828
13300.0 0.905195
13301.0 0.902561
13302.0 0.899928
13303.0 0.897295
13304.0 0.895135
13305.0 0.893806
13306.0 0.892478
13307.0 0.891149
13308.0 0.889821
13309.0 0.888492
13310.0 0.887164
13311.0 0.885836
13312.0 0.884507
13313.0 0.883179
13314.0 0.881850
13315.0 0.880522
13316.0 0.879194
13317.0 0.877865
13318.0 0.876537
13319.0 0.875208
13320.0 0.873880
13321.0 0.872552
13322.0 0.871223
13323.0 0.869895
13324.0 0.868566
13325.0 0.867238
13326.0 0.865909
13327.0 0.864581
13328.0 0.863253
13329.0 0.861924
13330.0 0.860596
13331.0 0.859267
13332.0 0.857939
13333.0 0.856611
13334.0 0.844501
13335.0 0.812777
13336.0 0.781053
13337.0 0.749328
13338.0 0.717604
13339.0 0.685880
13340.0 0.654155
13341.0 0.622431
13342.0 0.590706
13343.0 0.558982
13344.0 0.533879
13345.0 0.520969
13346.0 0.508058
13347.0 0.495148
13348.0 0.482237
13349.0 0.469326
13350.0 0.456416
13351.0 0.443505
13352.0 0.430595
13353.0 0.417684
13354.0 0.404773
13355.0 0.391863
13356.0 0.378952
13357.0 0.366042
13358.0 0.353131
13359.0 0.340221
13360.0 0.327310
13361.0 0.314399
13362.0 0.301489
13363.0 0.288578
13364.0 0.287385
13365.0 0.308289
13366.0 0.329193
13367.0 0.350096
13368.0 0.371000
13369.0 0.391904
13370.0 0.412808
13371.0 0.433711
13372.0 0.454615
13373.0 0.475519
13374.0 0.496423
13375.0 0.517326
13376.0 0.538230
13377.0 0.559134
13378.0 0.580038
13379.0 0.600941
13380.0 0.621845
13381.0 0.642749
13382.0 0.663652
13383.0 0.684556
13384.0 0.705460
13385.0 0.726364
13386.0 0.747267
13387.0 0.768171
13388.0 0.789075
13389.0 0.809979
13390.0 0.830882
13391.0 0.851786
13392.0 0.872690
13393.0 0.893594
13394.0 0.905586
13395.0 0.900152
13396.0 0.894718
13397.0 0.889285
13398.0 0.883851
13399.0 0.878418
13400.0 0.872984
13401.0 0.867551
13402.0 0.862117
13403.0 0.856684
13404.0 0.851250
13405.0 0.845817
13406.0 0.840383
13407.0 0.834950
13408.0 0.829516
13409.0 0.824082
13410.0 0.818649
13411.0 0.813215
13412.0 0.807782
13413.0 0.802348
13414.0 0.796915
13415.0 0.791481
13416.0 0.786048
13417.0 0.780614
13418.0 0.775181
13419.0 0.769747
13420.0 0.764313
13421.0 0.758880
13422.0 0.753446
13423.0 0.748013
13424.0 0.742579
13425.0 0.737146
13426.0 0.731712
13427.0 0.726279
13428.0 0.720845
13429.0 0.715412
13430.0 0.709978
13431.0 0.704545
13432.0 0.699111
13433.0 0.693677
13434.0 0.688537
13435.0 0.684000
13436.0 0.679463
13437.0 0.674926
13438.0 0.670389
13439.0 0.665852
13440.0 0.661314
13441.0 0.656777
13442.0 0.652240
13443.0 0.647703
13444.0 0.643166
13445.0 0.638629
13446.0 0.634092
13447.0 0.629554
13448.0 0.625017
13449.0 0.620480
13450.0 0.615943
13451.0 0.611406
13452.0 0.606869
13453.0 0.602331
13454.0 0.597794
13455.0 0.593257
13456.0 0.588720
13457.0 0.584183
13458.0 0.579646
13459.0 0.575108
13460.0 0.570571
13461.0 0.566034
13462.0 0.561497
13463.0 0.556960
13464.0 0.550568
13465.0 0.540222
13466.0 0.529876
13467.0 0.519531
13468.0 0.509185
13469.0 0.498839
13470.0 0.488493
13471.0 0.478148
13472.0 0.467802
13473.0 0.457456
13474.0 0.447111
13475.0 0.436765
13476.0 0.426419
13477.0 0.416074
13478.0 0.405728
13479.0 0.395382
13480.0 0.385036
13481.0 0.374691
13482.0 0.364345
13483.0 0.353999
13484.0 0.343654
13485.0 0.333308
13486.0 0.322962
13487.0 0.312617
13488.0 0.302271
13489.0 0.291925
13490.0 0.281580
13491.0 0.271234
13492.0 0.260888
13493.0 0.250542
13494.0 0.241635
13495.0 0.235911
13496.0 0.230187
13497.0 0.224463
13498.0 0.218739
13499.0 0.213014
13500.0 0.207290
13501.0 0.201566
13502.0 0.195842
13503.0 0.190118
13504.0 0.184394
13505.0 0.178670
13506.0 0.172946
13507.0 0.167222
13508.0 0.161498
13509.0 0.155773
13510.0 0.150049
13511.0 0.144325
13512.0 0.138601
13513.0 0.132877
13514.0 0.127153
13515.0 0.121429
13516.0 0.115705
13517.0 0.109981
13518.0 0.104257
13519.0 0.098533
13520.0 0.092808
13521.0 0.087084
13522.0 0.081360
13523.0 0.075636
13524.0 0.069912
13525.0 0.064188
13526.0 0.058464
13527.0 0.052740
13528.0 0.047016
13529.0 0.041292
13530.0 0.035567
13531.0 0.029843
13532.0 0.024119
13533.0 0.018395
13534.0 0.014177
13535.0 0.013467
13536.0 0.012757
13537.0 0.012047
13538.0 0.011338
13539.0 0.010628
13540.0 0.009918
13541.0 0.009208
13542.0 0.008498
13543.0 0.007788
13544.0 0.007079
13545.0 0.006369
13546.0 0.005659
13547.0 0.004949
13548.0 0.004239
13549.0 0.003529
13550.0 0.002820
13551.0 0.002110
13552.0 0.001400
13553.0 0.000690
13554.0 0.000425
13555.0 0.001223
13556.0 0.002022
13557.0 0.002820
13558.0 0.003618
13559.0 0.004417
13560.0 0.005215
13561.0 0.006013
13562.0 0.006812
13563.0 0.007610
13564.0 0.008409
13565.0 0.009207
13566.0 0.010005
13567.0 0.010804
13568.0 0.011602
13569.0 0.012400
13570.0 0.013199
13571.0 0.013997
13572.0 0.014795
13573.0 0.015594
13574.0 0.016392
13575.0 0.017191
13576.0 0.017989
13577.0 0.018787
13578.0 0.019586
13579.0 0.020384
13580.0 0.021182
13581.0 0.021981
13582.0 0.022779
13583.0 0.023577
13584.0 0.024376
13585.0 0.025174
13586.0 0.025973
13587.0 0.026771
13588.0 0.027569
13589.0 0.028368
13590.0 0.029166
13591.0 0.029964
13592.0 0.030763
13593.0 0.031561
13594.0 0.032359
13595.0 0.033158
13596.0 0.033956
13597.0 0.034755
13598.0 0.035553
13599.0 0.036351
13600.0 0.037150
13601.0 0.037948
13602.0 0.038746
13603.0 0.039545
13604.0 0.039785
13605.0 0.038599
13606.0 0.037414
13607.0 0.036228
13608.0 0.035043
13609.0 0.033857
13610.0 0.032671
13611.0 0.031486
13612.0 0.030300
13613.0 0.029114
13614.0 0.027929
13615.0 0.026743
13616.0 0.025558
13617.0 0.024372
13618.0 0.023186
13619.0 0.022001
13620.0 0.020815
13621.0 0.019630
13622.0 0.018444
13623.0 0.017258
13624.0 0.016073
13625.0 0.014887
13626.0 0.013701
13627.0 0.012516
13628.0 0.011330
13629.0 0.010145
13630.0 0.008959
13631.0 0.007773
13632.0 0.006588
13633.0 0.005402
13634.0 0.004524
13635.0 0.004464
13636.0 0.004403
13637.0 0.004343
13638.0 0.004283
13639.0 0.004223
13640.0 0.004162
13641.0 0.004102
13642.0 0.004042
13643.0 0.003982
13644.0 0.003921
13645.0 0.003861
13646.0 0.003801
13647.0 0.003740
13648.0 0.003680
13649.0 0.003620
13650.0 0.003560
13651.0 0.003499
13652.0 0.003439
13653.0 0.003379
13654.0 0.003319
13655.0 0.003258
13656.0 0.003198
13657.0 0.003138
13658.0 0.003077
13659.0 0.003017
13660.0 0.002957
13661.0 0.002897
13662.0 0.002836
13663.0 0.002776
13664.0 0.002716
13665.0 0.002656
13666.0 0.002595
13667.0 0.002535
13668.0 0.002475
13669.0 0.002414
13670.0 0.002354
13671.0 0.002294
13672.0 0.002234
13673.0 0.002173
13674.0 0.002113
13675.0 0.002053
13676.0 0.001993
13677.0 0.001932
13678.0 0.001872
13679.0 0.001812
13680.0 0.001751
13681.0 0.001691
13682.0 0.001631
13683.0 0.001571
13684.0 0.001510
13685.0 0.001450
13686.0 0.001390
13687.0 0.001330
13688.0 0.001269
13689.0 0.001209
13690.0 0.001149
13691.0 0.001088
13692.0 0.001028
13693.0 0.000968
13694.0 0.000908
13695.0 0.000847
13696.0 0.000787
13697.0 0.000727
13698.0 0.000667
13699.0 0.000606
13700.0 0.000546
13701.0 0.000486
13702.0 0.000426
13703.0 0.000365
13704.0 0.000633
13705.0 0.001864
13706.0 0.003095
13707.0 0.004325
13708.0 0.005556
13709.0 0.006787
13710.0 0.008018
13711.0 0.009248
13712.0 0.010479
13713.0 0.011710
13714.0 0.012941
13715.0 0.014172
13716.0 0.015402
13717.0 0.016633
13718.0 0.017864
13719.0 0.019095
13720.0 0.020325
13721.0 0.021556
13722.0 0.022787
13723.0 0.024018
13724.0 0.025248
13725.0 0.026479
13726.0 0.027710
13727.0 0.028941
13728.0 0.030172
13729.0 0.031402
13730.0 0.032633
13731.0 0.033864
13732.0 0.035095
13733.0 0.036325
13734.0 0.037028
13735.0 0.036110
13736.0 0.035192
13737.0 0.034275
13738.0 0.033357
13739.0 0.032440
13740.0 0.031522
13741.0 0.030604
13742.0 0.029687
13743.0 0.028769
13744.0 0.027852
13745.0 0.026934
13746.0 0.026016
13747.0 0.025099
13748.0 0.024181
13749.0 0.023264
13750.0 0.022346
13751.0 0.021428
13752.0 0.020511
13753.0 0.019593
13754.0 0.018675
13755.0 0.017758
13756.0 0.016840
13757.0 0.015923
13758.0 0.015005
13759.0 0.014087
13760.0 0.013170
13761.0 0.012252
13762.0 0.011335
13763.0 0.010417
13764.0 0.009499
13765.0 0.008582
13766.0 0.007664
13767.0 0.006747
13768.0 0.005829
13769.0 0.004911
13770.0 0.003994
13771.0 0.003076
13772.0 0.002158
13773.0 0.001241
13774.0 0.000537
13775.0 0.000528
13776.0 0.000519
13777.0 0.000510
13778.0 0.000501
13779.0 0.000492
13780.0 0.000483
13781.0 0.000474
13782.0 0.000465
13783.0 0.000456
13784.0 0.000447
13785.0 0.000438
13786.0 0.000429
13787.0 0.000420
13788.0 0.000411
13789.0 0.000402
13790.0 0.000393
13791.0 0.000384
13792.0 0.000375
13793.0 0.000366
13794.0 0.000357
13795.0 0.000348
13796.0 0.000339
13797.0 0.000330
13798.0 0.000321
13799.0 0.000312
13800.0 0.000303
13801.0 0.000294
13802.0 0.000285
13803.0 0.000276
13804.0 0.000267
13805.0 0.000258
13806.0 0.000249
13807.0 0.000241
13808.0 0.000232
13809.0 0.000223
13810.0 0.000214
13811.0 0.000205
13812.0 0.000196
13813.0 0.000187
13814.0 0.000178
13815.0 0.000169
13816.0 0.000160
13817.0 0.000151
13818.0 0.000142
13819.0 0.000133
13820.0 0.000124
13821.0 0.000115
13822.0 0.000106
13823.0 0.000097
13824.0 0.000088
13825.0 0.000079
13826.0 0.000070
13827.0 0.000061
13828.0 0.000052
13829.0 0.000043
13830.0 0.000034
13831.0 0.000025
13832.0 0.000016
13833.0 0.000007
13834.0 0.000001
13835.0 0.000004
13836.0 0.000006
13837.0 0.000009
13838.0 0.000012
13839.0 0.000015
13840.0 0.000018
13841.0 0.000021
13842.0 0.000024
13843.0 0.000027
13844.0 0.000030
13845.0 0.000032
13846.0 0.000035
13847.0 0.000038
13848.0 0.000041
13849.0 0.000044
13850.0 0.000047
13851.0 0.000050
13852.0 0.000053
13853.0 0.000056
13854.0 0.000058
13855.0 0.000061
13856.0 0.000064
13857.0 0.000067
13858.0 0.000070
13859.0 0.000073
13860.0 0.000076
13861.0 0.000079
13862.0 0.000082
13863.0 0.000084
13864.0 0.000087
13865.0 0.000090
13866.0 0.000093
13867.0 0.000096
13868.0 0.000099
13869.0 0.000102
13870.0 0.000105
13871.0 0.000108
13872.0 0.000110
13873.0 0.000113
13874.0 0.000116
13875.0 0.000119
13876.0 0.000122
13877.0 0.000125
13878.0 0.000128
13879.0 0.000131
13880.0 0.000134
13881.0 0.000137
13882.0 0.000139
13883.0 0.000142
13884.0 0.000161
13885.0 0.000240
13886.0 0.000319
13887.0 0.000397
13888.0 0.000476
13889.0 0.000555
13890.0 0.000634
13891.0 0.000713
13892.0 0.000792
13893.0 0.000871
13894.0 0.000950
13895.0 0.001029
13896.0 0.001107
13897.0 0.001186
13898.0 0.001265
13899.0 0.001344
13900.0 0.001423
13901.0 0.001502
13902.0 0.001581
13903.0 0.001660
13904.0 0.001739
13905.0 0.001817
13906.0 0.001896
13907.0 0.001975
13908.0 0.002054
13909.0 0.002133
13910.0 0.002212
13911.0 0.002291
13912.0 0.002370
13913.0 0.002449
13914.0 0.002527
13915.0 0.002606
13916.0 0.002685
13917.0 0.002764
13918.0 0.002843
13919.0 0.002922
13920.0 0.003001
13921.0 0.003080
13922.0 0.003159
13923.0 0.003237
13924.0 0.003282
13925.0 0.003182
13926.0 0.003083
13927.0 0.002983
13928.0 0.002884
13929.0 0.002784
13930.0 0.002685
13931.0 0.002585
13932.0 0.002486
13933.0 0.002386
13934.0 0.002287
13935.0 0.002187
13936.0 0.002087
13937.0 0.001988
13938.0 0.001888
13939.0 0.001789
13940.0 0.001689
13941.0 0.001590
13942.0 0.001490
13943.0 0.001391
13944.0 0.001291
13945.0 0.001192
13946.0 0.001092
13947.0 0.000993
13948.0 0.000893
13949.0 0.000794
13950.0 0.000694
13951.0 0.000595
13952.0 0.000495
13953.0 0.000396
13954.0 0.000467
13955.0 0.001284
13956.0 0.002101
13957.0 0.002917
13958.0 0.003734
13959.0 0.004551
13960.0 0.005368
13961.0 0.006185
13962.0 0.007002
13963.0 0.007819
13964.0 0.008796
13965.0 0.010487
13966.0 0.012177
13967.0 0.013868
13968.0 0.015559
13969.0 0.017250
13970.0 0.018941
13971.0 0.020631
13972.0 0.022322
13973.0 0.024013
13974.0 0.027082
13975.0 0.036395
13976.0 0.045709
13977.0 0.055023
13978.0 0.064337
13979.0 0.073651
13980.0 0.082965
13981.0 0.092279
13982.0 0.101593
13983.0 0.110907
13984.0 0.117509
13985.0 0.111589
13986.0 0.105669
13987.0 0.099749
13988.0 0.093830
13989.0 0.087910
13990.0 0.081990
13991.0 0.076071
13992.0 0.070151
13993.0 0.064231
13994.0 0.058311
13995.0 0.052392
13996.0 0.046472
13997.0 0.040552
13998.0 0.034633
13999.0 0.028713
14000.0 0.022793
14001.0 0.016873
14002.0 0.010954
14003.0 0.005034
14004.0 0.000135
14005.0 0.000127
14006.0 0.000120
14007.0 0.000112
14008.0 0.000105
14009.0 0.000097
14010.0 0.000090
14011.0 0.000082
14012.0 0.000075
14013.0 0.000067
14014.0 0.000946
14015.0 0.006157
14016.0 0.011368
14017.0 0.016579
14018.0 0.021790
14019.0 0.027001
14020.0 0.032211
14021.0 0.037422
14022.0 0.042633
14023.0 0.047844
14024.0 0.051835
14025.0 0.049745
14026.0 0.047656
14027.0 0.045567
14028.0 0.043478
14029.0 0.041388
14030.0 0.039299
14031.0 0.037210
14032.0 0.035120
14033.0 0.033031
14034.0 0.030942
14035.0 0.028853
14036.0 0.026763
14037.0 0.024674
14038.0 0.022585
14039.0 0.020496
14040.0 0.018406
14041.0 0.016317
14042.0 0.014228
14043.0 0.012138
14044.0 0.010690
14045.0 0.012563
14046.0 0.014435
14047.0 0.016308
14048.0 0.018181
14049.0 0.020054
14050.0 0.021926
14051.0 0.023799
14052.0 0.025672
14053.0 0.027545
14054.0 0.029417
14055.0 0.031290
14056.0 0.033163
14057.0 0.035036
14058.0 0.036908
14059.0 0.038781
14060.0 0.040654
14061.0 0.042527
14062.0 0.044399
14063.0 0.046272
14064.0 0.047111
14065.0 0.042369
14066.0 0.037627
14067.0 0.032885
14068.0 0.028143
14069.0 0.023401
14070.0 0.018660
14071.0 0.013918
14072.0 0.009176
14073.0 0.004434
14074.0 0.000430
14075.0 0.000495
14076.0 0.000560
14077.0 0.000625
14078.0 0.000690
14079.0 0.000755
14080.0 0.000820
14081.0 0.000885
14082.0 0.000950
14083.0 0.001015
14084.0 0.001079
14085.0 0.001144
14086.0 0.001209
14087.0 0.001274
14088.0 0.001339
14089.0 0.001404
14090.0 0.001469
14091.0 0.001534
14092.0 0.001599
14093.0 0.001664
14094.0 0.001729
14095.0 0.001794
14096.0 0.001859
14097.0 0.001924
14098.0 0.001989
14099.0 0.002054
14100.0 0.002118
14101.0 0.002183
14102.0 0.002248
14103.0 0.002313
14104.0 0.002390
14105.0 0.002535
14106.0 0.002679
14107.0 0.002824
14108.0 0.002969
14109.0 0.003114
14110.0 0.003259
14111.0 0.003404
14112.0 0.003548
14113.0 0.003693
14114.0 0.003838
14115.0 0.003983
14116.0 0.004128
14117.0 0.004273
14118.0 0.004418
14119.0 0.004562
14120.0 0.004707
14121.0 0.004852
14122.0 0.004997
14123.0 0.005142
14124.0 0.005278
14125.0 0.005363
14126.0 0.005448
14127.0 0.005532
14128.0 0.005617
14129.0 0.005702
14130.0 0.005786
14131.0 0.005871
14132.0 0.005956
14133.0 0.006041
14134.0 0.006125
14135.0 0.006210
14136.0 0.006295
14137.0 0.006380
14138.0 0.006464
14139.0 0.006549
14140.0 0.006634
14141.0 0.006718
14142.0 0.006803
14143.0 0.006888
14144.0 0.006973
14145.0 0.007057
14146.0 0.007142
14147.0 0.007227
14148.0 0.007312
14149.0 0.007396
14150.0 0.007481
14151.0 0.007566
14152.0 0.007650
14153.0 0.007735
14154.0 0.007820
14155.0 0.007905
14156.0 0.007989
14157.0 0.008074
14158.0 0.008159
14159.0 0.008243
14160.0 0.008328
14161.0 0.008413
14162.0 0.008498
14163.0 0.008582
14164.0 0.008636
14165.0 0.008477
14166.0 0.008319
14167.0 0.008160
14168.0 0.008002
14169.0 0.007843
14170.0 0.007685
14171.0 0.007526
14172.0 0.007368
14173.0 0.007209
14174.0 0.007051
14175.0 0.006892
14176.0 0.006734
14177.0 0.006575
14178.0 0.006417
14179.0 0.006258
14180.0 0.006100
14181.0 0.005941
14182.0 0.005783
14183.0 0.005624
14184.0 0.005466
14185.0 0.005307
14186.0 0.005149
14187.0 0.004990
14188.0 0.004832
14189.0 0.004673
14190.0 0.004515
14191.0 0.004357
14192.0 0.004198
14193.0 0.004040
14194.0 0.003881
14195.0 0.003723
14196.0 0.003564
14197.0 0.003406
14198.0 0.003247
14199.0 0.003089
14200.0 0.002930
14201.0 0.002772
14202.0 0.002613
14203.0 0.002455
14204.0 0.002296
14205.0 0.002138
14206.0 0.001979
14207.0 0.001821
14208.0 0.001662
14209.0 0.001504
14210.0 0.001345
14211.0 0.001187
14212.0 0.001028
14213.0 0.000870
14214.0 0.000729
14215.0 0.000721
14216.0 0.000713
14217.0 0.000706
14218.0 0.000698
14219.0 0.000691
14220.0 0.000683
14221.0 0.000675
14222.0 0.000668
14223.0 0.000660
14224.0 0.000653
14225.0 0.000645
14226.0 0.000637
14227.0 0.000630
14228.0 0.000622
14229.0 0.000614
14230.0 0.000607
14231.0 0.000599
14232.0 0.000592
14233.0 0.000584
14234.0 0.000576
14235.0 0.000569
14236.0 0.000561
14237.0 0.000554
14238.0 0.000546
14239.0 0.000538
14240.0 0.000531
14241.0 0.000523
14242.0 0.000515
14243.0 0.000508
14244.0 0.000500
14245.0 0.000493
14246.0 0.000485
14247.0 0.000477
14248.0 0.000470
14249.0 0.000462
14250.0 0.000455
14251.0 0.000447
14252.0 0.000439
14253.0 0.000432
14254.0 0.000424
14255.0 0.000416
14256.0 0.000409
14257.0 0.000401
14258.0 0.000394
14259.0 0.000386
14260.0 0.000378
14261.0 0.000371
14262.0 0.000363
14263.0 0.000356
14264.0 0.000349
14265.0 0.000349
14266.0 0.000349
14267.0 0.000349
14268.0 0.000350
14269.0 0.000350
14270.0 0.000350
14271.0 0.000350
14272.0 0.000350
14273.0 0.000350
14274.0 0.000351
14275.0 0.000351
14276.0 0.000351
14277.0 0.000351
14278.0 0.000351
14279.0 0.000352
14280.0 0.000352
14281.0 0.000352
14282.0 0.000352
14283.0 0.000352
14284.0 0.000352
14285.0 0.000353
14286.0 0.000353
14287.0 0.000353
14288.0 0.000353
14289.0 0.000353
14290.0 0.000354
14291.0 0.000354
14292.0 0.000354
14293.0 0.000354
14294.0 0.000354
14295.0 0.000355
14296.0 0.000355
14297.0 0.000355
14298.0 0.000355
14299.0 0.000355
14300.0 0.000355
14301.0 0.000356
14302.0 0.000356
14303.0 0.000356
14304.0 0.000356
14305.0 0.000356
14306.0 0.000357
14307.0 0.000357
14308.0 0.000357
14309.0 0.000357
14310.0 0.000357
14311.0 0.000358
14312.0 0.000358
14313.0 0.000358
14314.0 0.000358
14315.0 0.000358
14316.0 0.000358
14317.0 0.000359
14318.0 0.000359
14319.0 0.000359
14320.0 0.000359
14321.0 0.000359
14322.0 0.000360
14323.0 0.000360
14324.0 0.000360
14325.0 0.000360
14326.0 0.000360
14327.0 0.000360
14328.0 0.000361
14329.0 0.000361
14330.0 0.000361
14331.0 0.000361
14332.0 0.000361
14333.0 0.000362
14334.0 0.000362
14335.0 0.000362
14336.0 0.000362
14337.0 0.000362
14338.0 0.000363
14339.0 0.000363
14340.0 0.000363
14341.0 0.000363
14342.0 0.000363
14343.0 0.000363
14344.0 0.000364
14345.0 0.000364
14346.0 0.000364
14347.0 0.000364
14348.0 0.000364
14349.0 0.000365
14350.0 0.000365
14351.0 0.000365
14352.0 0.000365
14353.0 0.000365
14354.0 0.000366
14355.0 0.000366
14356.0 0.000366
14357.0 0.000366
14358.0 0.000366
14359.0 0.000366
14360.0 0.000367
14361.0 0.000367
14362.0 0.000367
14363.0 0.000367
14364.0 0.000367
14365.0 0.000368
14366.0 0.000368
14367.0 0.000368
14368.0 0.000368
14369.0 0.000368
14370.0 0.000368
14371.0 0.000369
14372.0 0.000369
14373.0 0.000369
14374.0 0.000369
14375.0 0.000369
14376.0 0.000370
14377.0 0.000370
14378.0 0.000370
14379.0 0.000370
14380.0 0.000370
14381.0 0.000371
14382.0 0.000371
14383.0 0.000371
14384.0 0.000371
14385.0 0.000371
14386.0 0.000371
14387.0 0.000372
14388.0 0.000372
14389.0 0.000372
14390.0 0.000372
14391.0 0.000372
14392.0 0.000373
14393.0 0.000373
14394.0 0.000373
14395.0 0.000373
14396.0 0.000373
14397.0 0.000374
14398.0 0.000374
14399.0 0.000374
14400.0 0.000374
14401.0 0.000374
14402.0 0.000374
14403.0 0.000375
14404.0 0.000375
14405.0 0.000375
14406.0 0.000375
14407.0 0.000375
14408.0 0.000376
14409.0 0.000376
14410.0 0.000376
14411.0 0.000376
14412.0 0.000376
14413.0 0.000376
14414.0 0.000377
14415.0 0.000377
14416.0 0.000377
14417.0 0.000377
14418.0 0.000377
14419.0 0.000378
14420.0 0.000378
14421.0 0.000378
14422.0 0.000378
14423.0 0.000378
14424.0 0.000378
14425.0 0.000374
14426.0 0.000369
14427.0 0.000364
14428.0 0.000359
14429.0 0.000355
14430.0 0.000350
14431.0 0.000345
14432.0 0.000340
14433.0 0.000336
14434.0 0.000331
14435.0 0.000326
14436.0 0.000321
14437.0 0.000317
14438.0 0.000312
14439.0 0.000307
14440.0 0.000303
14441.0 0.000298
14442.0 0.000293
14443.0 0.000288
14444.0 0.000284
14445.0 0.000279
14446.0 0.000274
14447.0 0.000269
14448.0 0.000265
14449.0 0.000260
14450.0 0.000255
14451.0 0.000251
14452.0 0.000246
14453.0 0.000241
14454.0 0.000236
14455.0 0.000232
14456.0 0.000227
14457.0 0.000222
14458.0 0.000217
14459.0 0.000213
14460.0 0.000208
14461.0 0.000203
14462.0 0.000198
14463.0 0.000194
14464.0 0.000189
14465.0 0.000184
14466.0 0.000180
14467.0 0.000175
14468.0 0.000170
14469.0 0.000165
14470.0 0.000161
14471.0 0.000156
14472.0 0.000151
14473.0 0.000146
14474.0 0.000142
14475.0 0.000137
14476.0 0.000132
14477.0 0.000128
14478.0 0.000123
14479.0 0.000118
14480.0 0.000113
14481.0 0.000109
14482.0 0.000104
14483.0 0.000099
14484.0 0.000094
14485.0 0.000090
14486.0 0.000085
14487.0 0.000080
14488.0 0.000076
14489.0 0.000071
14490.0 0.000066
14491.0 0.000061
14492.0 0.000057
14493.0 0.000052
14494.0 0.000047
14495.0 0.000042
14496.0 0.000038
14497.0 0.000033
14498.0 0.000028
14499.0 0.000023
14500.0 0.000019
14501.0 0.000014
14502.0 0.000009
14503.0 0.000005
14504.0 0.000000
14505.0 0.000000
14506.0 0.000000
14507.0 0.000000
14508.0 0.000000
14509.0 0.000000
14510.0 0.000000
14511.0 0.000000
14512.0 0.000000
14513.0 0.000000
14514.0 0.000000
14515.0 0.000000
14516.0 0.000000
14517.0 0.000000
14518.0 0.000000
14519.0 0.000000
14520.0 0.000000
14521.0 0.000000
14522.0 0.000000
14523.0 0.000000
14524.0 0.000000
14525.0 0.000000
14526.0 0.000000
14527.0 0.000000
14528.0 0.000000
14529.0 0.000000
14530.0 0.000000
14531.0 0.000000
14532.0 0.000000
14533.0 0.000000
14534.0 0.000000
14535.0 0.000000
14536.0 0.000000
14537.0 0.000000
14538.0 0.000000
14539.0 0.000000
14540.0 0.000000
14541.0 0.000000
14542.0 0.000000
14543.0 0.000000
14544.0 0.000000
14545.0 0.000000
14546.0 0.000000
14547.0 0.000000
14548.0 0.000000
14549.0 0.000000
14550.0 0.000000
14551.0 0.000000
14552.0 0.000000
14553.0 0.000000
14554.0 0.000000
14555.0 0.000000
14556.0 0.000000
14557.0 0.000000
14558.0 0.000000
14559.0 0.000000
14560.0 0.000000
14561.0 0.000000
14562.0 0.000000
14563.0 0.000000
14564.0 0.000000
14565.0 0.000000
14566.0 0.000000
14567.0 0.000000
14568.0 0.000000
14569.0 0.000000
14570.0 0.000000
14571.0 0.000000
14572.0 0.000000
14573.0 0.000000
14574.0 0.000000
14575.0 0.000000
14576.0 0.000000
14577.0 0.000000
14578.0 0.000000
14579.0 0.000000
14580.0 0.000000
14581.0 0.000000
14582.0 0.000000
14583.0 0.000000
14584.0 0.000000
14585.0 0.000000
14586.0 0.000000
14587.0 0.000000
14588.0 0.000000
14589.0 0.000000
14590.0 0.000000
14591.0 0.000000
14592.0 0.000000
14593.0 0.000000
14594.0 0.000000
14595.0 0.000000
14596.0 0.000000
14597.0 0.000000
14598.0 0.000000
14599.0 0.000000
14600.0 0.000000
14601.0 0.000000
14602.0 0.000000
14603.0 0.000000
14604.0 0.000000
14605.0 0.000000
14606.0 0.000000
14607.0 0.000000
14608.0 0.000000
14609.0 0.000000
14610.0 0.000000
14611.0 0.000000
14612.0 0.000000
14613.0 0.000000
14614.0 0.000000
14615.0 0.000000
14616.0 0.000000
14617.0 0.000000
14618.0 0.000000
14619.0 0.000000
14620.0 0.000000
14621.0 0.000000
14622.0 0.000000
14623.0 0.000000
14624.0 0.000000
14625.0 0.000000
14626.0 0.000000
14627.0 0.000000
14628.0 0.000000
14629.0 0.000000
14630.0 0.000000
14631.0 0.000000
14632.0 0.000000
14633.0 0.000000
14634.0 0.000000
14635.0 0.000000
14636.0 0.000000
14637.0 0.000000
14638.0 0.000000
14639.0 0.000000
14640.0 0.000000
14641.0 0.000000
14642.0 0.000000
14643.0 0.000000
14644.0 0.000000
14645.0 0.000000
14646.0 0.000000
14647.0 0.000000
14648.0 0.000000
14649.0 0.000000
14650.0 0.000000
14651.0 0.000000
14652.0 0.000000
14653.0 0.000000
14654.0 0.000000
14655.0 0.000000
14656.0 0.000000
14657.0 0.000000
14658.0 0.000000
14659.0 0.000000
14660.0 0.000000
14661.0 0.000000
14662.0 0.000000
14663.0 0.000000
14664.0 0.000000
14665.0 0.000000
14666.0 0.000000
14667.0 0.000000
14668.0 0.000000
14669.0 0.000000
14670.0 0.000000
14671.0 0.000000
14672.0 0.000000
14673.0 0.000000
14674.0 0.000000
14675.0 0.000000
14676.0 0.000000
14677.0 0.000000
14678.0 0.000000
14679.0 0.000000
14680.0 0.000000
14681.0 0.000000
14682.0 0.000000
14683.0 0.000000
14684.0 0.000000
14685.0 0.000000
14686.0 0.000000
14687.0 0.000000
14688.0 0.000000
14689.0 0.000000
14690.0 0.000000
14691.0 0.000000
14692.0 0.000000
14693.0 0.000000
14694.0 0.000000
14695.0 0.000000
14696.0 0.000000
14697.0 0.000000
14698.0 0.000000
14699.0 0.000000
14700.0 0.000000
14701.0 0.000000
14702.0 0.000000
14703.0 0.000000
14704.0 0.000000
14705.0 0.000000
14706.0 0.000000
14707.0 0.000000
14708.0 0.000000
14709.0 0.000000
14710.0 0.000000
14711.0 0.000000
14712.0 0.000000
14713.0 0.000000
14714.0 0.000000
14715.0 0.000000
14716.0 0.000000
14717.0 0.000000
14718.0 0.000000
14719.0 0.000000
14720.0 0.000000
14721.0 0.000000
14722.0 0.000000
14723.0 0.000000
14724.0 0.000000
14725.0 0.000000
14726.0 0.000000
14727.0 0.000000
14728.0 0.000000
14729.0 0.000000
14730.0 0.000000
14731.0 0.000000
14732.0 0.000000
14733.0 0.000000
14734.0 0.000000
14735.0 0.000000
14736.0 0.000000
14737.0 0.000000
14738.0 0.000000
14739.0 0.000000
14740.0 0.000000
14741.0 0.000000
14742.0 0.000000
14743.0 0.000000
14744.0 0.000000
14745.0 0.000000
14746.0 0.000000
14747.0 0.000000
14748.0 0.000000
14749.0 0.000000
14750.0 0.000000
14751.0 0.000000
14752.0 0.000000
14753.0 0.000000
14754.0 0.000000
14755.0 0.000000
14756.0 0.000000
14757.0 0.000000
14758.0 0.000000
14759.0 0.000000
14760.0 0.000000
14761.0 0.000000
14762.0 0.000000
14763.0 0.000000
14764.0 0.000000
14765.0 0.000000
14766.0 0.000000
14767.0 0.000000
14768.0 0.000000
14769.0 0.000000
14770.0 0.000000
14771.0 0.000000
14772.0 0.000000
14773.0 0.000000
14774.0 0.000000
14775.0 0.000000
14776.0 0.000000
14777.0 0.000000
14778.0 0.000000
14779.0 0.000000
14780.0 0.000000
14781.0 0.000000
14782.0 0.000000
14783.0 0.000000
14784.0 0.000000
14785.0 0.000000
14786.0 0.000000
14787.0 0.000000
14788.0 0.000000
14789.0 0.000000
14790.0 0.000000
14791.0 0.000000
14792.0 0.000000
14793.0 0.000000
14794.0 0.000000
14795.0 0.000000
14796.0 0.000000
14797.0 0.000000
14798.0 0.000000
14799.0 0.000000
14800.0 0.000000
14801.0 0.000000
14802.0 0.000000
14803.0 0.000000
14804.0 0.000000
14805.0 0.000000
14806.0 0.000000
14807.0 0.000000
14808.0 0.000000
14809.0 0.000000
14810.0 0.000000
14811.0 0.000000
14812.0 0.000000
14813.0 0.000000
14814.0 0.000000
14815.0 0.000000
14816.0 0.000000
14817.0 0.000000
14818.0 0.000000
14819.0 0.000000
14820.0 0.000000
14821.0 0.000000
14822.0 0.000000
14823.0 0.000000
14824.0 0.000000
14825.0 0.000000
14826.0 0.000000
14827.0 0.000000
14828.0 0.000000
14829.0 0.000000
14830.0 0.000000
14831.0 0.000000
14832.0 0.000000
14833.0 0.000000
14834.0 0.000000
14835.0 0.000000
14836.0 0.000000
14837.0 0.000000
14838.0 0.000000
14839.0 0.000000
14840.0 0.000000
14841.0 0.000000
14842.0 0.000000
14843.0 0.000000
14844.0 0.000000
14845.0 0.000000
14846.0 0.000000
14847.0 0.000000
14848.0 0.000000
14849.0 0.000000
14850.0 0.000000
14851.0 0.000000
14852.0 0.000000
14853.0 0.000000
14854.0 0.000000
14855.0 0.000000
14856.0 0.000000
14857.0 0.000000
14858.0 0.000000
14859.0 0.000000
14860.0 0.000000
14861.0 0.000000
14862.0 0.000000
14863.0 0.000000
14864.0 0.000000
14865.0 0.000000
14866.0 0.000000
14867.0 0.000000
14868.0 0.000000
14869.0 0.000000
14870.0 0.000000
14871.0 0.000000
14872.0 0.000000
14873.0 0.000000
14874.0 0.000000
14875.0 0.000000
14876.0 0.000000
14877.0 0.000000
14878.0 0.000000
14879.0 0.000000
14880.0 0.000000
14881.0 0.000000
14882.0 0.000000
14883.0 0.000000
14884.0 0.000000
14885.0 0.000000
14886.0 0.000000
14887.0 0.000000
14888.0 0.000000
14889.0 0.000000
14890.0 0.000000
14891.0 0.000000
14892.0 0.000000
14893.0 0.000000
14894.0 0.000000
14895.0 0.000000
14896.0 0.000000
14897.0 0.000000
14898.0 0.000000
14899.0 0.000000
14900.0 0.000000
14901.0 0.000000
14902.0 0.000000
14903.0 0.000000
14904.0 0.000000
14905.0 0.000000
14906.0 0.000000
14907.0 0.000000
14908.0 0.000000
14909.0 0.000000
14910.0 0.000000
14911.0 0.000000
14912.0 0.000000
14913.0 0.000000
14914.0 0.000000
14915.0 0.000000
14916.0 0.000000
14917.0 0.000000
14918.0 0.000000
14919.0 0.000000
14920.0 0.000000
14921.0 0.000000
14922.0 0.000000
14923.0 0.000000
14924.0 0.000000
14925.0 0.000000
14926.0 0.000000
14927.0 0.000000
14928.0 0.000000
14929.0 0.000000
14930.0 0.000000
14931.0 0.000000
14932.0 0.000000
14933.0 0.000000
14934.0 0.000000
14935.0 0.000000
14936.0 0.000000
14937.0 0.000000
14938.0 0.000000
14939.0 0.000000
14940.0 0.000000
