3000.0 0.000000
3001.0 0.000000
3002.0 0.000000
3003.0 0.000000
3004.0 0.000000
3005.0 0.000000
3006.0 0.000000
3007.0 0.000000
3008.0 0.000000
3009.0 0.000000
3010.0 0.000000
3011.0 0.000000
3012.0 0.000000
3013.0 0.000000
3014.0 0.000000
3015.0 0.000000
3016.0 0.000000
3017.0 0.000000
3018.0 0.000000
3019.0 0.000000
3020.0 0.000000
3021.0 0.000000
3022.0 0.000000
3023.0 0.000000
3024.0 0.000000
3025.0 0.000000
3026.0 0.000000
3027.0 0.000000
3028.0 0.000000
3029.0 0.000000
3030.0 0.000000
3031.0 0.000000
3032.0 0.000000
3033.0 0.000000
3034.0 0.000000
3035.0 0.000000
3036.0 0.000000
3037.0 0.000000
3038.0 0.000000
3039.0 0.000000
3040.0 0.000000
3041.0 0.000000
3042.0 0.000000
3043.0 0.000000
3044.0 0.000000
3045.0 0.000000
3046.0 0.000000
3047.0 0.000000
3048.0 0.000000
3049.0 0.000000
3050.0 0.000000
3051.0 0.004939
3052.0 0.009879
3053.0 0.014818
3054.0 0.019758
3055.0 0.024697
3056.0 0.029637
3057.0 0.034576
3058.0 0.039515
3059.0 0.044455
3060.0 0.049394
3061.0 0.054334
3062.0 0.059273
3063.0 0.064213
3064.0 0.069152
3065.0 0.074091
3066.0 0.079031
3067.0 0.083970
3068.0 0.088910
3069.0 0.093849
3070.0 0.098789
3071.0 0.103728
3072.0 0.108667
3073.0 0.113607
3074.0 0.118546
3075.0 0.123486
3076.0 0.128393
3077.0 0.133269
3078.0 0.138112
3079.0 0.142923
3080.0 0.147703
3081.0 0.152450
3082.0 0.157165
3083.0 0.161849
3084.0 0.166500
3085.0 0.171119
3086.0 0.175706
3087.0 0.180262
3088.0 0.184785
3089.0 0.189276
3090.0 0.193735
3091.0 0.198163
3092.0 0.202558
3093.0 0.206921
3094.0 0.211252
3095.0 0.215551
3096.0 0.219818
3097.0 0.224053
3098.0 0.228257
3099.0 0.232428
3100.0 0.236567
3101.0 0.240674
3102.0 0.244749
3103.0 0.248792
3104.0 0.252803
3105.0 0.256782
3106.0 0.260729
3107.0 0.264644
3108.0 0.268527
3109.0 0.272378
3110.0 0.276197
3111.0 0.279983
3112.0 0.283738
3113.0 0.287461
3114.0 0.291152
3115.0 0.294811
3116.0 0.298438
3117.0 0.302033
3118.0 0.305595
3119.0 0.309126
3120.0 0.312625
3121.0 0.316092
3122.0 0.319526
3123.0 0.322929
3124.0 0.326300
3125.0 0.329639
3126.0 0.332945
3127.0 0.336220
3128.0 0.339463
3129.0 0.342673
3130.0 0.345852
3131.0 0.348998
3132.0 0.352113
3133.0 0.355196
3134.0 0.358246
3135.0 0.361265
3136.0 0.364251
3137.0 0.367206
3138.0 0.370128
3139.0 0.373019
3140.0 0.375877
3141.0 0.378704
3142.0 0.381498
3143.0 0.384261
3144.0 0.386991
3145.0 0.389690
3146.0 0.392356
3147.0 0.394990
3148.0 0.397593
3149.0 0.400163
3150.0 0.402701
3151.0 0.405208
3152.0 0.407682
3153.0 0.410124
3154.0 0.412535
3155.0 0.414913
3156.0 0.417259
3157.0 0.419573
3158.0 0.421856
3159.0 0.424106
3160.0 0.426324
3161.0 0.428510
3162.0 0.430664
3163.0 0.432786
3164.0 0.434877
3165.0 0.436935
3166.0 0.438961
3167.0 0.440955
3168.0 0.442917
3169.0 0.444847
3170.0 0.446745
3171.0 0.448611
3172.0 0.450445
3173.0 0.452247
3174.0 0.454017
3175.0 0.455755
3176.0 0.457461
3177.0 0.459134
3178.0 0.460775
3179.0 0.462383
3180.0 0.463960
3181.0 0.465503
3182.0 0.467015
3183.0 0.468494
3184.0 0.469941
3185.0 0.471355
3186.0 0.472737
3187.0 0.474087
3188.0 0.475404
3189.0 0.476690
3190.0 0.477942
3191.0 0.479162
3192.0 0.480350
3193.0 0.481506
3194.0 0.482629
3195.0 0.483720
3196.0 0.484779
3197.0 0.485805
3198.0 0.486799
3199.0 0.487760
3200.0 0.488689
3201.0 0.489586
3202.0 0.490450
3203.0 0.491282
3204.0 0.492082
3205.0 0.492849
3206.0 0.493584
3207.0 0.494287
3208.0 0.494957
3209.0 0.495595
3210.0 0.496201
3211.0 0.496774
3212.0 0.497315
3213.0 0.497823
3214.0 0.498299
3215.0 0.498743
3216.0 0.499155
3217.0 0.499534
3218.0 0.499880
3219.0 0.500195
3220.0 0.500477
3221.0 0.500726
3222.0 0.500944
3223.0 0.501129
3224.0 0.501281
3225.0 0.501401
3226.0 0.501489
3227.0 0.501577
3228.0 0.501664
3229.0 0.501751
3230.0 0.501837
3231.0 0.501923
3232.0 0.502009
3233.0 0.502095
3234.0 0.502180
3235.0 0.502265
3236.0 0.502349
3237.0 0.502433
3238.0 0.502517
3239.0 0.502601
3240.0 0.502684
3241.0 0.502766
3242.0 0.502849
3243.0 0.502931
3244.0 0.503013
3245.0 0.503094
3246.0 0.503175
3247.0 0.503256
3248.0 0.503336
3249.0 0.503416
3250.0 0.503496
3251.0 0.503575
3252.0 0.503654
3253.0 0.503733
3254.0 0.503811
3255.0 0.503889
3256.0 0.503967
3257.0 0.504044
3258.0 0.504121
3259.0 0.504198
3260.0 0.504274
3261.0 0.504350
3262.0 0.504426
3263.0 0.504501
3264.0 0.504576
3265.0 0.504651
3266.0 0.504725
3267.0 0.504799
3268.0 0.504873
3269.0 0.504946
3270.0 0.505019
3271.0 0.505091
3272.0 0.505163
3273.0 0.505235
3274.0 0.505307
3275.0 0.505378
3276.0 0.505449
3277.0 0.505519
3278.0 0.505590
3279.0 0.505660
3280.0 0.505729
3281.0 0.505798
3282.0 0.505867
3283.0 0.505936
3284.0 0.506004
3285.0 0.506072
3286.0 0.506140
3287.0 0.506207
3288.0 0.506274
3289.0 0.506341
3290.0 0.506407
3291.0 0.506473
3292.0 0.506539
3293.0 0.506604
3294.0 0.506669
3295.0 0.506734
3296.0 0.506798
3297.0 0.506862
3298.0 0.506926
3299.0 0.506989
3300.0 0.507052
3301.0 0.507115
3302.0 0.507177
3303.0 0.507239
3304.0 0.507301
3305.0 0.507362
3306.0 0.507423
3307.0 0.507484
3308.0 0.507545
3309.0 0.507605
3310.0 0.507665
3311.0 0.507724
3312.0 0.507783
3313.0 0.507842
3314.0 0.507900
3315.0 0.507959
3316.0 0.508017
3317.0 0.508074
3318.0 0.508131
3319.0 0.508188
3320.0 0.508245
3321.0 0.508301
3322.0 0.508357
3323.0 0.508412
3324.0 0.508467
3325.0 0.508522
3326.0 0.508577
3327.0 0.508632
3328.0 0.508686
3329.0 0.508741
3330.0 0.508795
3331.0 0.508850
3332.0 0.508905
3333.0 0.508959
3334.0 0.509014
3335.0 0.509069
3336.0 0.509123
3337.0 0.509178
3338.0 0.509233
3339.0 0.509288
3340.0 0.509343
3341.0 0.509397
3342.0 0.509452
3343.0 0.509507
3344.0 0.509562
3345.0 0.509617
3346.0 0.509671
3347.0 0.509726
3348.0 0.509781
3349.0 0.509836
3350.0 0.509891
3351.0 0.509946
3352.0 0.510001
3353.0 0.510056
3354.0 0.510111
3355.0 0.510166
3356.0 0.510221
3357.0 0.510276
3358.0 0.510331
3359.0 0.510386
3360.0 0.510441
3361.0 0.510496
3362.0 0.510551
3363.0 0.510606
3364.0 0.510662
3365.0 0.510717
3366.0 0.510772
3367.0 0.510827
3368.0 0.510882
3369.0 0.510937
3370.0 0.510993
3371.0 0.511048
3372.0 0.511103
3373.0 0.511158
3374.0 0.511214
3375.0 0.511269
3376.0 0.511324
3377.0 0.511380
3378.0 0.511435
3379.0 0.511490
3380.0 0.511546
3381.0 0.511601
3382.0 0.511657
3383.0 0.511712
3384.0 0.511768
3385.0 0.511823
3386.0 0.511879
3387.0 0.511935
3388.0 0.511990
3389.0 0.512046
3390.0 0.512102
3391.0 0.512158
3392.0 0.512213
3393.0 0.512269
3394.0 0.512325
3395.0 0.512381
3396.0 0.512437
3397.0 0.512493
3398.0 0.512549
3399.0 0.512605
3400.0 0.512661
3401.0 0.512717
3402.0 0.512773
3403.0 0.512829
3404.0 0.512885
3405.0 0.512941
3406.0 0.512997
3407.0 0.513054
3408.0 0.513110
3409.0 0.513166
3410.0 0.513222
3411.0 0.513279
3412.0 0.513335
3413.0 0.513392
3414.0 0.513448
3415.0 0.513504
3416.0 0.513561
3417.0 0.513617
3418.0 0.513674
3419.0 0.513730
3420.0 0.513787
3421.0 0.513844
3422.0 0.513900
3423.0 0.513957
3424.0 0.514014
3425.0 0.514070
3426.0 0.514127
3427.0 0.514184
3428.0 0.514241
3429.0 0.514298
3430.0 0.514354
3431.0 0.514411
3432.0 0.514468
3433.0 0.514525
3434.0 0.514582
3435.0 0.514639
3436.0 0.514696
3437.0 0.514753
3438.0 0.514810
3439.0 0.514867
3440.0 0.514924
3441.0 0.514981
3442.0 0.515038
3443.0 0.515095
3444.0 0.515152
3445.0 0.515209
3446.0 0.515266
3447.0 0.515323
3448.0 0.515380
3449.0 0.515437
3450.0 0.515494
3451.0 0.515551
3452.0 0.515608
3453.0 0.515666
3454.0 0.515723
3455.0 0.515780
3456.0 0.515837
3457.0 0.515894
3458.0 0.515952
3459.0 0.516009
3460.0 0.516066
3461.0 0.516123
3462.0 0.516181
3463.0 0.516238
3464.0 0.516295
3465.0 0.516353
3466.0 0.516410
3467.0 0.516467
3468.0 0.516525
3469.0 0.516582
3470.0 0.516639
3471.0 0.516697
3472.0 0.516754
3473.0 0.516812
3474.0 0.516869
3475.0 0.516927
3476.0 0.517013
3477.0 0.517127
3478.0 0.517269
3479.0 0.517440
3480.0 0.517639
3481.0 0.517867
3482.0 0.518122
3483.0 0.518407
3484.0 0.518719
3485.0 0.519060
3486.0 0.519429
3487.0 0.519826
3488.0 0.520252
3489.0 0.520706
3490.0 0.521189
3491.0 0.521699
3492.0 0.522239
3493.0 0.522806
3494.0 0.523402
3495.0 0.524026
3496.0 0.524678
3497.0 0.525359
3498.0 0.526068
3499.0 0.526806
3500.0 0.527571
3501.0 0.528365
3502.0 0.529188
3503.0 0.530039
3504.0 0.530918
3505.0 0.531825
3506.0 0.532761
3507.0 0.533725
3508.0 0.534717
3509.0 0.535738
3510.0 0.536787
3511.0 0.537865
3512.0 0.538970
3513.0 0.540104
3514.0 0.541267
3515.0 0.542458
3516.0 0.543677
3517.0 0.544924
3518.0 0.546200
3519.0 0.547504
3520.0 0.548836
3521.0 0.550197
3522.0 0.551586
3523.0 0.553003
3524.0 0.554449
3525.0 0.555923
3526.0 0.557425
3527.0 0.558956
3528.0 0.560515
3529.0 0.562103
3530.0 0.563718
3531.0 0.565362
3532.0 0.567034
3533.0 0.568735
3534.0 0.570464
3535.0 0.572221
3536.0 0.574007
3537.0 0.575821
3538.0 0.577663
3539.0 0.579533
3540.0 0.581432
3541.0 0.583359
3542.0 0.585315
3543.0 0.587298
3544.0 0.589310
3545.0 0.591351
3546.0 0.593420
3547.0 0.595517
3548.0 0.597642
3549.0 0.599796
3550.0 0.601978
3551.0 0.604188
3552.0 0.606426
3553.0 0.608693
3554.0 0.610989
3555.0 0.613312
3556.0 0.615664
3557.0 0.618044
3558.0 0.620453
3559.0 0.622890
3560.0 0.625355
3561.0 0.627848
3562.0 0.630370
3563.0 0.632920
3564.0 0.635499
3565.0 0.638105
3566.0 0.640740
3567.0 0.643404
3568.0 0.646095
3569.0 0.648815
3570.0 0.651564
3571.0 0.654340
3572.0 0.657145
3573.0 0.659979
3574.0 0.662840
3575.0 0.665730
3576.0 0.668625
3577.0 0.671525
3578.0 0.674430
3579.0 0.677340
3580.0 0.680255
3581.0 0.683175
3582.0 0.686100
3583.0 0.689030
3584.0 0.691965
3585.0 0.694906
3586.0 0.697851
3587.0 0.700801
3588.0 0.703756
3589.0 0.706717
3590.0 0.709682
3591.0 0.712652
3592.0 0.715628
3593.0 0.718608
3594.0 0.721594
3595.0 0.724584
3596.0 0.727580
3597.0 0.730580
3598.0 0.733586
3599.0 0.736596
3600.0 0.739612
3601.0 0.742633
3602.0 0.745658
3603.0 0.748689
3604.0 0.751725
3605.0 0.754766
3606.0 0.757812
3607.0 0.760862
3608.0 0.763918
3609.0 0.766979
3610.0 0.770045
3611.0 0.773116
3612.0 0.776192
3613.0 0.779273
3614.0 0.782359
3615.0 0.785450
3616.0 0.788546
3617.0 0.791647
3618.0 0.794754
3619.0 0.797865
3620.0 0.800981
3621.0 0.804102
3622.0 0.807229
3623.0 0.810360
3624.0 0.813496
3625.0 0.816638
3626.0 0.819784
3627.0 0.822907
3628.0 0.826007
3629.0 0.829084
3630.0 0.832137
3631.0 0.835167
3632.0 0.838173
3633.0 0.841157
3634.0 0.844117
3635.0 0.847054
3636.0 0.849967
3637.0 0.852858
3638.0 0.855724
3639.0 0.858568
3640.0 0.861389
3641.0 0.864186
3642.0 0.866959
3643.0 0.869710
3644.0 0.872437
3645.0 0.875141
3646.0 0.877822
3647.0 0.880479
3648.0 0.883113
3649.0 0.885724
3650.0 0.888311
3651.0 0.890876
3652.0 0.893417
3653.0 0.895934
3654.0 0.898429
3655.0 0.900900
3656.0 0.903348
3657.0 0.905772
3658.0 0.908173
3659.0 0.910551
3660.0 0.912906
3661.0 0.915237
3662.0 0.917545
3663.0 0.919830
3664.0 0.922091
3665.0 0.924330
3666.0 0.926545
3667.0 0.928736
3668.0 0.930904
3669.0 0.933050
3670.0 0.935171
3671.0 0.937270
3672.0 0.939345
3673.0 0.941397
3674.0 0.943426
3675.0 0.945431
3676.0 0.947400
3677.0 0.949332
3678.0 0.951228
3679.0 0.953087
3680.0 0.954910
3681.0 0.956696
3682.0 0.958446
3683.0 0.960159
3684.0 0.961836
3685.0 0.963476
3686.0 0.965080
3687.0 0.966647
3688.0 0.968178
3689.0 0.969672
3690.0 0.971130
3691.0 0.972551
3692.0 0.973936
3693.0 0.975284
3694.0 0.976595
3695.0 0.977871
3696.0 0.979109
3697.0 0.980311
3698.0 0.981477
3699.0 0.982606
3700.0 0.983699
3701.0 0.984755
3702.0 0.985775
3703.0 0.986758
3704.0 0.987704
3705.0 0.988614
3706.0 0.989488
3707.0 0.990325
3708.0 0.991126
3709.0 0.991890
3710.0 0.992617
3711.0 0.993308
3712.0 0.993963
3713.0 0.994581
3714.0 0.995162
3715.0 0.995707
3716.0 0.996216
3717.0 0.996688
3718.0 0.997123
3719.0 0.997522
3720.0 0.997885
3721.0 0.998211
3722.0 0.998500
3723.0 0.998753
3724.0 0.998970
3725.0 0.999149
3726.0 0.999293
3727.0 0.999423
3728.0 0.999540
3729.0 0.999644
3730.0 0.999734
3731.0 0.999812
3732.0 0.999876
3733.0 0.999927
3734.0 0.999964
3735.0 0.999989
3736.0 1.000000
3737.0 0.999998
3738.0 0.999983
3739.0 0.999954
3740.0 0.999913
3741.0 0.999858
3742.0 0.999790
3743.0 0.999708
3744.0 0.999614
3745.0 0.999506
3746.0 0.999385
3747.0 0.999251
3748.0 0.999103
3749.0 0.998943
3750.0 0.998769
3751.0 0.998582
3752.0 0.998381
3753.0 0.998168
3754.0 0.997941
3755.0 0.997701
3756.0 0.997448
3757.0 0.997182
3758.0 0.996902
3759.0 0.996609
3760.0 0.996303
3761.0 0.995984
3762.0 0.995651
3763.0 0.995306
3764.0 0.994947
3765.0 0.994574
3766.0 0.994189
3767.0 0.993790
3768.0 0.993379
3769.0 0.992953
3770.0 0.992515
3771.0 0.992064
3772.0 0.991599
3773.0 0.991121
3774.0 0.990630
3775.0 0.990125
3776.0 0.989580
3777.0 0.988994
3778.0 0.988367
3779.0 0.987700
3780.0 0.986991
3781.0 0.986242
3782.0 0.985452
3783.0 0.984621
3784.0 0.983749
3785.0 0.982837
3786.0 0.981883
3787.0 0.980889
3788.0 0.979854
3789.0 0.978778
3790.0 0.977662
3791.0 0.976504
3792.0 0.975306
3793.0 0.974067
3794.0 0.972787
3795.0 0.971466
3796.0 0.970105
3797.0 0.968702
3798.0 0.967259
3799.0 0.965775
3800.0 0.964250
3801.0 0.962685
3802.0 0.961078
3803.0 0.959431
3804.0 0.957743
3805.0 0.956014
3806.0 0.954244
3807.0 0.952434
3808.0 0.950583
3809.0 0.948690
3810.0 0.946757
3811.0 0.944784
3812.0 0.942769
3813.0 0.940714
3814.0 0.938617
3815.0 0.936480
3816.0 0.934302
3817.0 0.932084
3818.0 0.929824
3819.0 0.927524
3820.0 0.925183
3821.0 0.922801
3822.0 0.920378
3823.0 0.917914
3824.0 0.915410
3825.0 0.912865
3826.0 0.910279
3827.0 0.907665
3828.0 0.905024
3829.0 0.902355
3830.0 0.899658
3831.0 0.896934
3832.0 0.894183
3833.0 0.891403
3834.0 0.888597
3835.0 0.885762
3836.0 0.882900
3837.0 0.880011
3838.0 0.877093
3839.0 0.874149
3840.0 0.871176
3841.0 0.868176
3842.0 0.865149
3843.0 0.862093
3844.0 0.859011
3845.0 0.855900
3846.0 0.852762
3847.0 0.849597
3848.0 0.846403
3849.0 0.843183
3850.0 0.839934
3851.0 0.836658
3852.0 0.833355
3853.0 0.830024
3854.0 0.826665
3855.0 0.823279
3856.0 0.819865
3857.0 0.816423
3858.0 0.812954
3859.0 0.809457
3860.0 0.805933
3861.0 0.802381
3862.0 0.798801
3863.0 0.795194
3864.0 0.791560
3865.0 0.787897
3866.0 0.784207
3867.0 0.780490
3868.0 0.776745
3869.0 0.772972
3870.0 0.769172
3871.0 0.765344
3872.0 0.761488
3873.0 0.757605
3874.0 0.753695
3875.0 0.749756
3876.0 0.745804
3877.0 0.741838
3878.0 0.737859
3879.0 0.733865
3880.0 0.729858
3881.0 0.725837
3882.0 0.721802
3883.0 0.717753
3884.0 0.713691
3885.0 0.709615
3886.0 0.705525
3887.0 0.701421
3888.0 0.697303
3889.0 0.693172
3890.0 0.689027
3891.0 0.684868
3892.0 0.680695
3893.0 0.676508
3894.0 0.672308
3895.0 0.668094
3896.0 0.663866
3897.0 0.659624
3898.0 0.655369
3899.0 0.651099
3900.0 0.646816
3901.0 0.642519
3902.0 0.638208
3903.0 0.633884
3904.0 0.629546
3905.0 0.625194
3906.0 0.620828
3907.0 0.616448
3908.0 0.612054
3909.0 0.607647
3910.0 0.603226
3911.0 0.598791
3912.0 0.594343
3913.0 0.589880
3914.0 0.585404
3915.0 0.580914
3916.0 0.576410
3917.0 0.571892
3918.0 0.567361
3919.0 0.562816
3920.0 0.558257
3921.0 0.553684
3922.0 0.549097
3923.0 0.544497
3924.0 0.539883
3925.0 0.535255
3926.0 0.530613
3927.0 0.525985
3928.0 0.521371
3929.0 0.516771
3930.0 0.512184
3931.0 0.507611
3932.0 0.503052
3933.0 0.498507
3934.0 0.493976
3935.0 0.489458
3936.0 0.484954
3937.0 0.480464
3938.0 0.475988
3939.0 0.471526
3940.0 0.467077
3941.0 0.462643
3942.0 0.458222
3943.0 0.453815
3944.0 0.449421
3945.0 0.445042
3946.0 0.440676
3947.0 0.436324
3948.0 0.431986
3949.0 0.427662
3950.0 0.423351
3951.0 0.419055
3952.0 0.414772
3953.0 0.410502
3954.0 0.406247
3955.0 0.402006
3956.0 0.397778
3957.0 0.393564
3958.0 0.389364
3959.0 0.385178
3960.0 0.381005
3961.0 0.376847
3962.0 0.372702
3963.0 0.368571
3964.0 0.364453
3965.0 0.360350
3966.0 0.356260
3967.0 0.352184
3968.0 0.348122
3969.0 0.344074
3970.0 0.340040
3971.0 0.336019
3972.0 0.332012
3973.0 0.328019
3974.0 0.324040
3975.0 0.320074
3976.0 0.316140
3977.0 0.312238
3978.0 0.308367
3979.0 0.304528
3980.0 0.300721
3981.0 0.296945
3982.0 0.293200
3983.0 0.289487
3984.0 0.285806
3985.0 0.282156
3986.0 0.278538
3987.0 0.274951
3988.0 0.271396
3989.0 0.267873
3990.0 0.264381
3991.0 0.260921
3992.0 0.257492
3993.0 0.254095
3994.0 0.250729
3995.0 0.247395
3996.0 0.244093
3997.0 0.240822
3998.0 0.237582
3999.0 0.234375
4000.0 0.231199
4001.0 0.228054
4002.0 0.224941
4003.0 0.221859
4004.0 0.218809
4005.0 0.215791
4006.0 0.212804
4007.0 0.209849
4008.0 0.206926
4009.0 0.204033
4010.0 0.201173
4011.0 0.198344
4012.0 0.195547
4013.0 0.192781
4014.0 0.190047
4015.0 0.187344
4016.0 0.184673
4017.0 0.182034
4018.0 0.179426
4019.0 0.176849
4020.0 0.174304
4021.0 0.171791
4022.0 0.169310
4023.0 0.166859
4024.0 0.164441
4025.0 0.162054
4026.0 0.159699
4027.0 0.157361
4028.0 0.155041
4029.0 0.152739
4030.0 0.150455
4031.0 0.148188
4032.0 0.145940
4033.0 0.143709
4034.0 0.141495
4035.0 0.139300
4036.0 0.137122
4037.0 0.134962
4038.0 0.132820
4039.0 0.130696
4040.0 0.128589
4041.0 0.126500
4042.0 0.124429
4043.0 0.122376
4044.0 0.120340
4045.0 0.118322
4046.0 0.116322
4047.0 0.114340
4048.0 0.112376
4049.0 0.110429
4050.0 0.108500
4051.0 0.106589
4052.0 0.104695
4053.0 0.102820
4054.0 0.100962
4055.0 0.099122
4056.0 0.097299
4057.0 0.095495
4058.0 0.093708
4059.0 0.091939
4060.0 0.090188
4061.0 0.088454
4062.0 0.086738
4063.0 0.085040
4064.0 0.083360
4065.0 0.081698
4066.0 0.080053
4067.0 0.078426
4068.0 0.076817
4069.0 0.075226
4070.0 0.073652
4071.0 0.072096
4072.0 0.070558
4073.0 0.069038
4074.0 0.067535
4075.0 0.066051
4076.0 0.064584
4077.0 0.063134
4078.0 0.061703
4079.0 0.060289
4080.0 0.058893
4081.0 0.057515
4082.0 0.056155
4083.0 0.054812
4084.0 0.053487
4085.0 0.052180
4086.0 0.050891
4087.0 0.049619
4088.0 0.048365
4089.0 0.047129
4090.0 0.045911
4091.0 0.044711
4092.0 0.043528
4093.0 0.042363
4094.0 0.041216
4095.0 0.040086
4096.0 0.038975
4097.0 0.037881
4098.0 0.036805
4099.0 0.035746
4100.0 0.034706
4101.0 0.033683
4102.0 0.032678
4103.0 0.031691
4104.0 0.030721
4105.0 0.029769
4106.0 0.028835
4107.0 0.027919
4108.0 0.027021
4109.0 0.026140
4110.0 0.025277
4111.0 0.024432
4112.0 0.023605
4113.0 0.022795
4114.0 0.022003
4115.0 0.021229
4116.0 0.020473
4117.0 0.019734
4118.0 0.019014
4119.0 0.018311
4120.0 0.017625
4121.0 0.016958
4122.0 0.016308
4123.0 0.015676
4124.0 0.015062
4125.0 0.014466
4126.0 0.013887
4127.0 0.013308
4128.0 0.012730
4129.0 0.012151
4130.0 0.011573
4131.0 0.010994
4132.0 0.010415
4133.0 0.009837
4134.0 0.009258
4135.0 0.008679
4136.0 0.008101
4137.0 0.007522
4138.0 0.006944
4139.0 0.006365
4140.0 0.005786
4141.0 0.005208
4142.0 0.004629
4143.0 0.004050
4144.0 0.003472
4145.0 0.002893
4146.0 0.002315
4147.0 0.001736
4148.0 0.001157
4149.0 0.000579
4150.0 0.000000
4151.0 0.000000
4152.0 0.000000
4153.0 0.000000
4154.0 0.000000
4155.0 0.000000
4156.0 0.000000
4157.0 0.000000
4158.0 0.000000
4159.0 0.000000
4160.0 0.000000
4161.0 0.000000
4162.0 0.000000
4163.0 0.000000
4164.0 0.000000
4165.0 0.000000
4166.0 0.000000
4167.0 0.000000
4168.0 0.000000
4169.0 0.000000
4170.0 0.000000
4171.0 0.000000
4172.0 0.000000
4173.0 0.000000
4174.0 0.000000
4175.0 0.000000
4176.0 0.000000
4177.0 0.000000
4178.0 0.000000
4179.0 0.000000
4180.0 0.000000
4181.0 0.000000
4182.0 0.000000
4183.0 0.000000
4184.0 0.000000
4185.0 0.000000
4186.0 0.000000
4187.0 0.000000
4188.0 0.000000
4189.0 0.000000
4190.0 0.000000
4191.0 0.000000
4192.0 0.000000
4193.0 0.000000
4194.0 0.000000
4195.0 0.000000
4196.0 0.000000
4197.0 0.000000
4198.0 0.000000
4199.0 0.000000
4200.0 0.000000
