3050.00 0.000000
3050.20 0.000000
3050.40 0.000000
3050.60 0.000000
3050.80 0.000000
3051.00 0.000055
3051.20 0.000153
3051.40 0.000251
3051.60 0.000348
3051.80 0.000446
3052.00 0.000544
3052.20 0.000641
3052.40 0.000739
3052.60 0.000837
3052.80 0.000934
3053.00 0.001031
3053.20 0.001129
3053.40 0.001227
3053.60 0.001324
3053.80 0.001422
3054.00 0.001519
3054.20 0.001617
3054.40 0.001714
3054.60 0.001812
3054.80 0.001909
3055.00 0.002007
3055.20 0.002104
3055.40 0.002201
3055.60 0.002299
3055.80 0.002397
3056.00 0.002494
3056.20 0.002591
3056.40 0.002689
3056.60 0.002786
3056.80 0.002883
3057.00 0.002980
3057.20 0.003078
3057.40 0.003175
3057.60 0.003272
3057.80 0.003370
3058.00 0.003467
3058.20 0.003564
3058.40 0.003661
3058.60 0.003759
3058.80 0.003856
3059.00 0.003953
3059.20 0.004050
3059.40 0.004147
3059.60 0.004245
3059.80 0.004342
3060.00 0.004439
3060.20 0.004536
3060.40 0.004633
3060.60 0.004730
3060.80 0.004827
3061.00 0.004925
3061.20 0.005021
3061.40 0.005118
3061.60 0.005216
3061.80 0.005313
3062.00 0.005409
3062.20 0.005507
3062.40 0.005603
3062.60 0.005700
3062.80 0.005798
3063.00 0.005894
3063.20 0.005991
3063.40 0.006088
3063.60 0.006185
3063.80 0.006282
3064.00 0.006379
3064.20 0.006476
3064.40 0.006573
3064.60 0.006670
3064.80 0.006766
3065.00 0.006863
3065.20 0.006960
3065.40 0.007057
3065.60 0.007153
3065.80 0.007250
3066.00 0.007347
3066.20 0.007444
3066.40 0.007540
3066.60 0.007637
3066.80 0.007734
3067.00 0.007830
3067.20 0.007927
3067.40 0.008024
3067.60 0.008121
3067.80 0.008217
3068.00 0.008314
3068.20 0.008410
3068.40 0.008507
3068.60 0.008604
3068.80 0.008700
3069.00 0.008797
3069.20 0.008893
3069.40 0.008990
3069.60 0.009087
3069.80 0.009183
3070.00 0.009279
3070.20 0.009376
3070.40 0.009472
3070.60 0.009569
3070.80 0.009665
3071.00 0.009762
3071.20 0.009858
3071.40 0.009955
3071.60 0.010051
3071.80 0.010147
3072.00 0.010244
3072.20 0.010340
3072.40 0.010436
3072.60 0.010533
3072.80 0.010629
3073.00 0.010725
3073.20 0.010822
3073.40 0.010918
3073.60 0.011015
3073.80 0.011111
3074.00 0.011207
3074.20 0.011303
3074.40 0.011399
3074.60 0.011496
3074.80 0.011592
3075.00 0.011688
3075.20 0.011784
3075.40 0.011880
3075.60 0.011977
3075.80 0.012072
3076.00 0.012169
3076.20 0.012265
3076.40 0.012361
3076.60 0.012457
3076.80 0.012553
3077.00 0.012649
3077.20 0.012745
3077.40 0.012841
3077.60 0.012937
3077.80 0.013033
3078.00 0.013129
3078.20 0.013225
3078.40 0.013321
3078.60 0.013417
3078.80 0.013513
3079.00 0.013609
3079.20 0.013705
3079.40 0.013801
3079.60 0.013897
3079.80 0.013993
3080.00 0.014089
3080.20 0.014185
3080.40 0.014280
3080.60 0.014376
3080.80 0.014472
3081.00 0.014568
3081.20 0.014664
3081.40 0.014759
3081.60 0.014855
3081.80 0.014951
3082.00 0.015047
3082.20 0.015142
3082.40 0.015238
3082.60 0.015334
3082.80 0.015430
3083.00 0.015525
3083.20 0.015621
3083.40 0.015717
3083.60 0.015813
3083.80 0.015908
3084.00 0.016003
3084.20 0.016099
3084.40 0.016195
3084.60 0.016291
3084.80 0.016386
3085.00 0.016482
3085.20 0.016577
3085.40 0.016673
3085.60 0.016768
3085.80 0.016863
3086.00 0.016959
3086.20 0.017055
3086.40 0.017150
3086.60 0.017246
3086.80 0.017341
3087.00 0.017436
3087.20 0.017532
3087.40 0.017628
3087.60 0.017723
3087.80 0.017818
3088.00 0.017913
3088.20 0.018009
3088.40 0.018104
3088.60 0.018200
3088.80 0.018295
3089.00 0.018390
3089.20 0.018486
3089.40 0.018581
3089.60 0.018676
3089.80 0.018771
3090.00 0.018867
3090.20 0.018962
3090.40 0.019057
3090.60 0.019152
3090.80 0.019247
3091.00 0.019343
3091.20 0.019438
3091.40 0.019533
3091.60 0.019629
3091.80 0.019723
3092.00 0.019818
3092.20 0.019914
3092.40 0.020009
3092.60 0.020104
3092.80 0.020199
3093.00 0.020294
3093.20 0.020389
3093.40 0.020484
3093.60 0.020579
3093.80 0.020674
3094.00 0.020769
3094.20 0.020864
3094.40 0.020959
3094.60 0.021054
3094.80 0.021149
3095.00 0.021244
3095.20 0.021339
3095.40 0.021434
3095.60 0.021529
3095.80 0.021624
3096.00 0.021719
3096.20 0.021814
3096.40 0.021908
3096.60 0.022003
3096.80 0.022098
3097.00 0.022193
3097.20 0.022288
3097.40 0.022383
3097.60 0.022477
3097.80 0.022572
3098.00 0.022667
3098.20 0.022762
3098.40 0.022856
3098.60 0.022951
3098.80 0.023046
3099.00 0.023141
3099.20 0.023235
3099.40 0.023330
3099.60 0.023425
3099.80 0.023519
3100.00 0.023614
3100.20 0.023709
3100.40 0.023803
3100.60 0.023898
3100.80 0.023990
3101.00 0.024176
3101.20 0.024449
3101.40 0.024722
3101.60 0.024993
3101.80 0.025266
3102.00 0.025538
3102.20 0.025810
3102.40 0.026082
3102.60 0.026355
3102.80 0.026626
3103.00 0.026899
3103.20 0.027171
3103.40 0.027442
3103.60 0.027714
3103.80 0.027987
3104.00 0.028258
3104.20 0.028530
3104.40 0.028802
3104.60 0.029074
3104.80 0.029346
3105.00 0.029618
3105.20 0.029889
3105.40 0.030161
3105.60 0.030433
3105.80 0.030704
3106.00 0.030976
3106.20 0.031247
3106.40 0.031518
3106.60 0.031790
3106.80 0.032062
3107.00 0.032333
3107.20 0.032604
3107.40 0.032876
3107.60 0.033147
3107.80 0.033418
3108.00 0.033689
3108.20 0.033961
3108.40 0.034231
3108.60 0.034503
3108.80 0.034773
3109.00 0.035045
3109.20 0.035316
3109.40 0.035587
3109.60 0.035858
3109.80 0.036128
3110.00 0.036399
3110.20 0.036670
3110.40 0.036941
3110.60 0.037211
3110.80 0.037483
3111.00 0.037753
3111.20 0.038024
3111.40 0.038294
3111.60 0.038565
3111.80 0.038836
3112.00 0.039105
3112.20 0.039376
3112.40 0.039646
3112.60 0.039917
3112.80 0.040187
3113.00 0.040458
3113.20 0.040728
3113.40 0.040998
3113.60 0.041269
3113.80 0.041539
3114.00 0.041809
3114.20 0.042079
3114.40 0.042350
3114.60 0.042620
3114.80 0.042890
3115.00 0.043159
3115.20 0.043429
3115.40 0.043699
3115.60 0.043970
3115.80 0.044239
3116.00 0.044508
3116.20 0.044778
3116.40 0.045048
3116.60 0.045319
3116.80 0.045588
3117.00 0.045857
3117.20 0.046127
3117.40 0.046397
3117.60 0.046667
3117.80 0.046936
3118.00 0.047206
3118.20 0.047474
3118.40 0.047744
3118.60 0.048014
3118.80 0.048283
3119.00 0.048552
3119.20 0.048821
3119.40 0.049090
3119.60 0.049360
3119.80 0.049629
3120.00 0.049899
3120.20 0.050166
3120.40 0.050436
3120.60 0.050705
3120.80 0.050974
3121.00 0.051243
3121.20 0.051512
3121.40 0.051780
3121.60 0.052050
3121.80 0.052319
3122.00 0.052588
3122.20 0.052856
3122.40 0.053124
3122.60 0.053394
3122.80 0.053662
3123.00 0.053930
3123.20 0.054199
3123.40 0.054468
3123.60 0.054736
3123.80 0.055005
3124.00 0.055273
3124.20 0.055541
3124.40 0.055810
3124.60 0.056079
3124.80 0.056347
3125.00 0.056615
3125.20 0.056883
3125.40 0.057152
3125.60 0.057420
3125.80 0.057687
3126.00 0.057955
3126.20 0.058223
3126.40 0.058491
3126.60 0.058760
3126.80 0.059028
3127.00 0.059296
3127.20 0.059563
3127.40 0.059831
3127.60 0.060099
3127.80 0.060367
3128.00 0.060635
3128.20 0.060902
3128.40 0.061170
3128.60 0.061438
3128.80 0.061705
3129.00 0.061973
3129.20 0.062240
3129.40 0.062508
3129.60 0.062776
3129.80 0.063043
3130.00 0.063310
3130.20 0.063578
3130.40 0.063844
3130.60 0.064113
3130.80 0.064380
3131.00 0.064647
3131.20 0.064915
3131.40 0.065181
3131.60 0.065448
3131.80 0.065715
3132.00 0.065983
3132.20 0.066250
3132.40 0.066516
3132.60 0.066784
3132.80 0.067050
3133.00 0.067318
3133.20 0.067583
3133.40 0.067851
3133.60 0.068117
3133.80 0.068385
3134.00 0.068652
3134.20 0.068917
3134.40 0.069184
3134.60 0.069452
3134.80 0.069717
3135.00 0.069984
3135.20 0.070251
3135.40 0.070517
3135.60 0.070784
3135.80 0.071050
3136.00 0.071317
3136.20 0.071583
3136.40 0.071850
3136.60 0.072115
3136.80 0.072382
3137.00 0.072648
3137.20 0.072913
3137.40 0.073181
3137.60 0.073446
3137.80 0.073713
3138.00 0.073978
3138.20 0.074245
3138.40 0.074510
3138.60 0.074776
3138.80 0.075042
3139.00 0.075309
3139.20 0.075574
3139.40 0.075839
3139.60 0.076105
3139.80 0.076372
3140.00 0.076637
3140.20 0.076902
3140.40 0.077169
3140.60 0.077434
3140.80 0.077699
3141.00 0.077966
3141.20 0.078230
3141.40 0.078496
3141.60 0.078762
3141.80 0.079027
3142.00 0.079292
3142.20 0.079557
3142.40 0.079822
3142.60 0.080089
3142.80 0.080354
3143.00 0.080618
3143.20 0.080884
3143.40 0.081149
3143.60 0.081415
3143.80 0.081679
3144.00 0.081944
3144.20 0.082209
3144.40 0.082474
3144.60 0.082739
3144.80 0.083004
3145.00 0.083269
3145.20 0.083533
3145.40 0.083799
3145.60 0.084064
3145.80 0.084328
3146.00 0.084592
3146.20 0.084857
3146.40 0.085122
3146.60 0.085387
3146.80 0.085652
3147.00 0.085916
3147.20 0.086179
3147.40 0.086444
3147.60 0.086709
3147.80 0.086973
3148.00 0.087237
3148.20 0.087502
3148.40 0.087767
3148.60 0.088031
3148.80 0.088294
3149.00 0.088558
3149.20 0.088823
3149.40 0.089087
3149.60 0.089351
3149.80 0.089615
3150.00 0.089879
3150.20 0.090144
3150.40 0.090407
3150.60 0.090671
3150.80 0.090936
3151.00 0.091201
3151.20 0.091469
3151.40 0.091738
3151.60 0.092007
3151.80 0.092275
3152.00 0.092544
3152.20 0.092811
3152.40 0.093079
3152.60 0.093349
3152.80 0.093617
3153.00 0.093885
3153.20 0.094153
3153.40 0.094421
3153.60 0.094690
3153.80 0.094958
3154.00 0.095226
3154.20 0.095493
3154.40 0.095761
3154.60 0.096030
3154.80 0.096297
3155.00 0.096566
3155.20 0.096833
3155.40 0.097101
3155.60 0.097370
3155.80 0.097637
3156.00 0.097905
3156.20 0.098172
3156.40 0.098439
3156.60 0.098708
3156.80 0.098975
3157.00 0.099243
3157.20 0.099511
3157.40 0.099778
3157.60 0.100045
3157.80 0.100313
3158.00 0.100580
3158.20 0.100847
3158.40 0.101115
3158.60 0.101382
3158.80 0.101649
3159.00 0.101916
3159.20 0.102184
3159.40 0.102450
3159.60 0.102718
3159.80 0.102985
3160.00 0.103252
3160.20 0.103519
3160.40 0.103785
3160.60 0.104053
3160.80 0.104320
3161.00 0.104587
3161.20 0.104854
3161.40 0.105121
3161.60 0.105388
3161.80 0.105655
3162.00 0.105922
3162.20 0.106187
3162.40 0.106454
3162.60 0.106721
3162.80 0.106988
3163.00 0.107254
3163.20 0.107520
3163.40 0.107787
3163.60 0.108054
3163.80 0.108320
3164.00 0.108586
3164.20 0.108853
3164.40 0.109119
3164.60 0.109385
3164.80 0.109652
3165.00 0.109917
3165.20 0.110183
3165.40 0.110450
3165.60 0.110716
3165.80 0.110982
3166.00 0.111248
3166.20 0.111514
3166.40 0.111780
3166.60 0.112046
3166.80 0.112312
3167.00 0.112577
3167.20 0.112844
3167.40 0.113110
3167.60 0.113376
3167.80 0.113641
3168.00 0.113907
3168.20 0.114173
3168.40 0.114438
3168.60 0.114703
3168.80 0.114970
3169.00 0.115235
3169.20 0.115501
3169.40 0.115766
3169.60 0.116031
3169.80 0.116297
3170.00 0.116562
3170.20 0.116827
3170.40 0.117093
3170.60 0.117358
3170.80 0.117623
3171.00 0.117889
3171.20 0.118154
3171.40 0.118418
3171.60 0.118685
3171.80 0.118948
3172.00 0.119214
3172.20 0.119479
3172.40 0.119744
3172.60 0.120009
3172.80 0.120273
3173.00 0.120539
3173.20 0.120803
3173.40 0.121069
3173.60 0.121333
3173.80 0.121598
3174.00 0.121863
3174.20 0.122127
3174.40 0.122391
3174.60 0.122656
3174.80 0.122921
3175.00 0.123185
3175.20 0.123451
3175.40 0.123714
3175.60 0.123979
3175.80 0.124243
3176.00 0.124508
3176.20 0.124772
3176.40 0.125036
3176.60 0.125301
3176.80 0.125565
3177.00 0.125829
3177.20 0.126093
3177.40 0.126357
3177.60 0.126621
3177.80 0.126885
3178.00 0.127150
3178.20 0.127414
3178.40 0.127678
3178.60 0.127942
3178.80 0.128205
3179.00 0.128469
3179.20 0.128734
3179.40 0.128996
3179.60 0.129260
3179.80 0.129525
3180.00 0.129788
3180.20 0.130052
3180.40 0.130315
3180.60 0.130579
3180.80 0.130842
3181.00 0.131106
3181.20 0.131370
3181.40 0.131633
3181.60 0.131897
3181.80 0.132161
3182.00 0.132423
3182.20 0.132687
3182.40 0.132950
3182.60 0.133214
3182.80 0.133476
3183.00 0.133740
3183.20 0.134003
3183.40 0.134266
3183.60 0.134529
3183.80 0.134793
3184.00 0.135055
3184.20 0.135318
3184.40 0.135581
3184.60 0.135845
3184.80 0.136107
3185.00 0.136370
3185.20 0.136633
3185.40 0.136895
3185.60 0.137159
3185.80 0.137422
3186.00 0.137684
3186.20 0.137946
3186.40 0.138210
3186.60 0.138472
3186.80 0.138734
3187.00 0.138998
3187.20 0.139260
3187.40 0.139522
3187.60 0.139784
3187.80 0.140047
3188.00 0.140310
3188.20 0.140572
3188.40 0.140834
3188.60 0.141096
3188.80 0.141359
3189.00 0.141620
3189.20 0.141883
3189.40 0.142145
3189.60 0.142407
3189.80 0.142669
3190.00 0.142931
3190.20 0.143193
3190.40 0.143456
3190.60 0.143717
3190.80 0.143980
3191.00 0.144241
3191.20 0.144503
3191.40 0.144765
3191.60 0.145027
3191.80 0.145289
3192.00 0.145550
3192.20 0.145811
3192.40 0.146073
3192.60 0.146335
3192.80 0.146597
3193.00 0.146858
3193.20 0.147120
3193.40 0.147382
3193.60 0.147642
3193.80 0.147904
3194.00 0.148166
3194.20 0.148427
3194.40 0.148688
3194.60 0.148949
3194.80 0.149211
3195.00 0.149473
3195.20 0.149733
3195.40 0.149994
3195.60 0.150256
3195.80 0.150516
3196.00 0.150777
3196.20 0.151039
3196.40 0.151299
3196.60 0.151561
3196.80 0.151822
3197.00 0.152082
3197.20 0.152344
3197.40 0.152604
3197.60 0.152865
3197.80 0.153126
3198.00 0.153386
3198.20 0.153648
3198.40 0.153908
3198.60 0.154169
3198.80 0.154429
3199.00 0.154690
3199.20 0.154951
3199.40 0.155211
3199.60 0.155472
3199.80 0.155732
3200.00 0.155993
3200.20 0.156253
3200.40 0.156513
3200.60 0.156773
3200.80 0.157034
3201.00 0.157312
3201.20 0.157625
3201.40 0.157936
3201.60 0.158248
3201.80 0.158559
3202.00 0.158870
3202.20 0.159181
3202.40 0.159493
3202.60 0.159804
3202.80 0.160115
3203.00 0.160425
3203.20 0.160738
3203.40 0.161048
3203.60 0.161359
3203.80 0.161670
3204.00 0.161981
3204.20 0.162291
3204.40 0.162603
3204.60 0.162914
3204.80 0.163224
3205.00 0.163535
3205.20 0.163846
3205.40 0.164156
3205.60 0.164467
3205.80 0.164777
3206.00 0.165088
3206.20 0.165397
3206.40 0.165708
3206.60 0.166019
3206.80 0.166329
3207.00 0.166639
3207.20 0.166949
3207.40 0.167260
3207.60 0.167570
3207.80 0.167880
3208.00 0.168191
3208.20 0.168500
3208.40 0.168811
3208.60 0.169121
3208.80 0.169430
3209.00 0.169741
3209.20 0.170050
3209.40 0.170360
3209.60 0.170671
3209.80 0.170981
3210.00 0.171291
3210.20 0.171599
3210.40 0.171909
3210.60 0.172219
3210.80 0.172529
3211.00 0.172837
3211.20 0.173147
3211.40 0.173457
3211.60 0.173767
3211.80 0.174075
3212.00 0.174385
3212.20 0.174694
3212.40 0.175004
3212.60 0.175313
3212.80 0.175622
3213.00 0.175931
3213.20 0.176239
3213.40 0.176549
3213.60 0.176859
3213.80 0.177167
3214.00 0.177477
3214.20 0.177785
3214.40 0.178095
3214.60 0.178403
3214.80 0.178712
3215.00 0.179020
3215.20 0.179330
3215.40 0.179637
3215.60 0.179947
3215.80 0.180255
3216.00 0.180563
3216.20 0.180873
3216.40 0.181181
3216.60 0.181490
3216.80 0.181798
3217.00 0.182106
3217.20 0.182415
3217.40 0.182722
3217.60 0.183031
3217.80 0.183340
3218.00 0.183648
3218.20 0.183956
3218.40 0.184264
3218.60 0.184573
3218.80 0.184880
3219.00 0.185188
3219.20 0.185495
3219.40 0.185804
3219.60 0.186113
3219.80 0.186420
3220.00 0.186727
3220.20 0.187035
3220.40 0.187342
3220.60 0.187652
3220.80 0.187959
3221.00 0.188266
3221.20 0.188574
3221.40 0.188881
3221.60 0.189189
3221.80 0.189496
3222.00 0.189803
3222.20 0.190111
3222.40 0.190418
3222.60 0.190726
3222.80 0.191032
3223.00 0.191340
3223.20 0.191647
3223.40 0.191954
3223.60 0.192262
3223.80 0.192569
3224.00 0.192876
3224.20 0.193183
3224.40 0.193490
3224.60 0.193798
3224.80 0.194103
3225.00 0.194411
3225.20 0.194718
3225.40 0.195024
3225.60 0.195331
3225.80 0.195637
3226.00 0.195944
3226.20 0.196250
3226.40 0.196557
3226.60 0.196864
3226.80 0.197171
3227.00 0.197477
3227.20 0.197784
3227.40 0.198089
3227.60 0.198396
3227.80 0.198703
3228.00 0.199008
3228.20 0.199315
3228.40 0.199622
3228.60 0.199927
3228.80 0.200235
3229.00 0.200540
3229.20 0.200846
3229.40 0.201151
3229.60 0.201458
3229.80 0.201763
3230.00 0.202070
3230.20 0.202376
3230.40 0.202682
3230.60 0.202987
3230.80 0.203293
3231.00 0.203599
3231.20 0.203904
3231.40 0.204210
3231.60 0.204515
3231.80 0.204821
3232.00 0.205127
3232.20 0.205431
3232.40 0.205738
3232.60 0.206043
3232.80 0.206348
3233.00 0.206653
3233.20 0.206959
3233.40 0.207265
3233.60 0.207569
3233.80 0.207876
3234.00 0.208180
3234.20 0.208485
3234.40 0.208790
3234.60 0.209096
3234.80 0.209401
3235.00 0.209705
3235.20 0.210010
3235.40 0.210314
3235.60 0.210620
3235.80 0.210925
3236.00 0.211230
3236.20 0.211535
3236.40 0.211839
3236.60 0.212144
3236.80 0.212449
3237.00 0.212752
3237.20 0.213057
3237.40 0.213362
3237.60 0.213666
3237.80 0.213970
3238.00 0.214275
3238.20 0.214579
3238.40 0.214884
3238.60 0.215188
3238.80 0.215493
3239.00 0.215796
3239.20 0.216101
3239.40 0.216406
3239.60 0.216709
3239.80 0.217014
3240.00 0.217318
3240.20 0.217621
3240.40 0.217925
3240.60 0.218229
3240.80 0.218534
3241.00 0.218837
3241.20 0.219140
3241.40 0.219444
3241.60 0.219748
3241.80 0.220052
3242.00 0.220356
3242.20 0.220659
3242.40 0.220963
3242.60 0.221267
3242.80 0.221569
3243.00 0.221873
3243.20 0.222177
3243.40 0.222479
3243.60 0.222783
3243.80 0.223087
3244.00 0.223390
3244.20 0.223693
3244.40 0.223996
3244.60 0.224300
3244.80 0.224603
3245.00 0.224905
3245.20 0.225209
3245.40 0.225512
3245.60 0.225815
3245.80 0.226117
3246.00 0.226421
3246.20 0.226723
3246.40 0.227026
3246.60 0.227328
3246.80 0.227633
3247.00 0.227934
3247.20 0.228238
3247.40 0.228540
3247.60 0.228842
3247.80 0.229146
3248.00 0.229447
3248.20 0.229750
3248.40 0.230052
3248.60 0.230356
3248.80 0.230657
3249.00 0.230960
3249.20 0.231263
3249.40 0.231563
3249.60 0.231867
3249.80 0.232168
3250.00 0.232471
3250.20 0.232772
3250.40 0.233076
3250.60 0.233378
3250.80 0.233679
3251.00 0.233993
3251.20 0.234337
3251.40 0.234680
3251.60 0.235024
3251.80 0.235367
3252.00 0.235709
3252.20 0.236052
3252.40 0.236395
3252.60 0.236738
3252.80 0.237082
3253.00 0.237424
3253.20 0.237767
3253.40 0.238109
3253.60 0.238452
3253.80 0.238796
3254.00 0.239137
3254.20 0.239480
3254.40 0.239823
3254.60 0.240166
3254.80 0.240508
3255.00 0.240851
3255.20 0.241193
3255.40 0.241534
3255.60 0.241877
3255.80 0.242219
3256.00 0.242562
3256.20 0.242903
3256.40 0.243246
3256.60 0.243588
3256.80 0.243930
3257.00 0.244272
3257.20 0.244613
3257.40 0.244955
3257.60 0.245298
3257.80 0.245640
3258.00 0.245980
3258.20 0.246323
3258.40 0.246664
3258.60 0.247006
3258.80 0.247348
3259.00 0.247689
3259.20 0.248031
3259.40 0.248371
3259.60 0.248713
3259.80 0.249055
3260.00 0.249395
3260.20 0.249737
3260.40 0.250079
3260.60 0.250420
3260.80 0.250761
3261.00 0.251102
3261.20 0.251443
3261.40 0.251784
3261.60 0.252125
3261.80 0.252466
3262.00 0.252807
3262.20 0.253149
3262.40 0.253488
3262.60 0.253830
3262.80 0.254171
3263.00 0.254511
3263.20 0.254852
3263.40 0.255192
3263.60 0.255533
3263.80 0.255873
3264.00 0.256214
3264.20 0.256554
3264.40 0.256896
3264.60 0.257236
3264.80 0.257576
3265.00 0.257916
3265.20 0.258257
3265.40 0.258597
3265.60 0.258937
3265.80 0.259276
3266.00 0.259617
3266.20 0.259957
3266.40 0.260297
3266.60 0.260637
3266.80 0.260977
3267.00 0.261316
3267.20 0.261656
3267.40 0.261995
3267.60 0.262337
3267.80 0.262677
3268.00 0.263016
3268.20 0.263355
3268.40 0.263695
3268.60 0.264035
3268.80 0.264374
3269.00 0.264713
3269.20 0.265053
3269.40 0.265393
3269.60 0.265732
3269.80 0.266071
3270.00 0.266411
3270.20 0.266750
3270.40 0.267087
3270.60 0.267428
3270.80 0.267766
3271.00 0.268105
3271.20 0.268445
3271.40 0.268784
3271.60 0.269123
3271.80 0.269461
3272.00 0.269800
3272.20 0.270139
3272.40 0.270478
3272.60 0.270817
3272.80 0.271156
3273.00 0.271494
3273.20 0.271832
3273.40 0.272171
3273.60 0.272510
3273.80 0.272847
3274.00 0.273187
3274.20 0.273525
3274.40 0.273862
3274.60 0.274202
3274.80 0.274541
3275.00 0.274878
3275.20 0.275216
3275.40 0.275555
3275.60 0.275892
3275.80 0.276231
3276.00 0.276568
3276.20 0.276907
3276.40 0.277243
3276.60 0.277582
3276.80 0.277921
3277.00 0.278258
3277.20 0.278597
3277.40 0.278933
3277.60 0.279272
3277.80 0.279609
3278.00 0.279946
3278.20 0.280284
3278.40 0.280622
3278.60 0.280959
3278.80 0.281297
3279.00 0.281634
3279.20 0.281971
3279.40 0.282309
3279.60 0.282646
3279.80 0.282983
3280.00 0.283321
3280.20 0.283658
3280.40 0.283994
3280.60 0.284332
3280.80 0.284668
3281.00 0.285006
3281.20 0.285343
3281.40 0.285679
3281.60 0.286017
3281.80 0.286353
3282.00 0.286690
3282.20 0.287026
3282.40 0.287364
3282.60 0.287701
3282.80 0.288037
3283.00 0.288373
3283.20 0.288710
3283.40 0.289047
3283.60 0.289382
3283.80 0.289720
3284.00 0.290056
3284.20 0.290392
3284.40 0.290728
3284.60 0.291065
3284.80 0.291401
3285.00 0.291737
3285.20 0.292073
3285.40 0.292409
3285.60 0.292745
3285.80 0.293081
3286.00 0.293417
3286.20 0.293753
3286.40 0.294089
3286.60 0.294425
3286.80 0.294761
3287.00 0.295095
3287.20 0.295433
3287.40 0.295768
3287.60 0.296104
3287.80 0.296439
3288.00 0.296774
3288.20 0.297110
3288.40 0.297444
3288.60 0.297782
3288.80 0.298116
3289.00 0.298452
3289.20 0.298787
3289.40 0.299122
3289.60 0.299458
3289.80 0.299792
3290.00 0.300127
3290.20 0.300463
3290.40 0.300797
3290.60 0.301133
3290.80 0.301469
3291.00 0.301803
3291.20 0.302138
3291.40 0.302472
3291.60 0.302808
3291.80 0.303142
3292.00 0.303477
3292.20 0.303811
3292.40 0.304147
3292.60 0.304480
3292.80 0.304816
3293.00 0.305150
3293.20 0.305484
3293.40 0.305819
3293.60 0.306154
3293.80 0.306488
3294.00 0.306822
3294.20 0.307156
3294.40 0.307490
3294.60 0.307824
3294.80 0.308160
3295.00 0.308493
3295.20 0.308827
3295.40 0.309161
3295.60 0.309496
3295.80 0.309829
3296.00 0.310163
3296.20 0.310498
3296.40 0.310831
3296.60 0.311165
3296.80 0.311498
3297.00 0.311833
3297.20 0.312167
3297.40 0.312500
3297.60 0.312833
3297.80 0.313166
3298.00 0.313500
3298.20 0.313833
3298.40 0.314167
3298.60 0.314501
3298.80 0.314834
3299.00 0.315168
3299.20 0.315501
3299.40 0.315833
3299.60 0.316167
3299.80 0.316500
3300.00 0.316833
3300.20 0.317166
3300.40 0.317499
3300.60 0.317832
3300.80 0.318166
3301.00 0.318524
3301.20 0.318972
3301.40 0.319417
3301.60 0.319864
3301.80 0.320310
3302.00 0.320755
3302.20 0.321201
3302.40 0.321646
3302.60 0.322091
3302.80 0.322536
3303.00 0.322981
3303.20 0.323427
3303.40 0.323872
3303.60 0.324318
3303.80 0.324762
3304.00 0.325207
3304.20 0.325652
3304.40 0.326097
3304.60 0.326543
3304.80 0.326986
3305.00 0.327432
3305.20 0.327877
3305.40 0.328320
3305.60 0.328766
3305.80 0.329210
3306.00 0.329654
3306.20 0.330099
3306.40 0.330542
3306.60 0.330986
3306.80 0.331432
3307.00 0.331876
3307.20 0.332319
3307.40 0.332763
3307.60 0.333207
3307.80 0.333653
3308.00 0.334095
3308.20 0.334540
3308.40 0.334983
3308.60 0.335427
3308.80 0.335870
3309.00 0.336315
3309.20 0.336758
3309.40 0.337200
3309.60 0.337645
3309.80 0.338090
3310.00 0.338532
3310.20 0.338975
3310.40 0.339419
3310.60 0.339862
3310.80 0.340306
3311.00 0.340748
3311.20 0.341190
3311.40 0.341635
3311.60 0.342077
3311.80 0.342519
3312.00 0.342963
3312.20 0.343406
3312.40 0.343848
3312.60 0.344291
3312.80 0.344735
3313.00 0.345177
3313.20 0.345619
3313.40 0.346060
3313.60 0.346503
3313.80 0.346947
3314.00 0.347389
3314.20 0.347830
3314.40 0.348272
3314.60 0.348714
3314.80 0.349156
3315.00 0.349598
3315.20 0.350042
3315.40 0.350483
3315.60 0.350925
3315.80 0.351367
3316.00 0.351808
3316.20 0.352250
3316.40 0.352691
3316.60 0.353134
3316.80 0.353575
3317.00 0.354016
3317.20 0.354458
3317.40 0.354899
3317.60 0.355341
3317.80 0.355782
3318.00 0.356224
3318.20 0.356665
3318.40 0.357104
3318.60 0.357548
3318.80 0.357987
3319.00 0.358429
3319.20 0.358871
3319.40 0.359310
3319.60 0.359752
3319.80 0.360193
3320.00 0.360633
3320.20 0.361073
3320.40 0.361514
3320.60 0.361955
3320.80 0.362395
3321.00 0.362836
3321.20 0.363277
3321.40 0.363715
3321.60 0.364158
3321.80 0.364596
3322.00 0.365038
3322.20 0.365476
3322.40 0.365917
3322.60 0.366357
3322.80 0.366797
3323.00 0.367238
3323.20 0.367677
3323.40 0.368118
3323.60 0.368557
3323.80 0.368997
3324.00 0.369436
3324.20 0.369875
3324.40 0.370315
3324.60 0.370754
3324.80 0.371195
3325.00 0.371633
3325.20 0.372073
3325.40 0.372512
3325.60 0.372951
3325.80 0.373391
3326.00 0.373830
3326.20 0.374269
3326.40 0.374709
3326.60 0.375147
3326.80 0.375587
3327.00 0.376025
3327.20 0.376464
3327.40 0.376902
3327.60 0.377340
3327.80 0.377781
3328.00 0.378219
3328.20 0.378657
3328.40 0.379094
3328.60 0.379533
3328.80 0.379974
3329.00 0.380411
3329.20 0.380849
3329.40 0.381287
3329.60 0.381725
3329.80 0.382163
3330.00 0.382600
3330.20 0.383038
3330.40 0.383477
3330.60 0.383916
3330.80 0.384354
3331.00 0.384792
3331.20 0.385230
3331.40 0.385667
3331.60 0.386105
3331.80 0.386543
3332.00 0.386980
3332.20 0.387417
3332.40 0.387854
3332.60 0.388293
3332.80 0.388730
3333.00 0.389165
3333.20 0.389603
3333.40 0.390040
3333.60 0.390478
3333.80 0.390915
3334.00 0.391352
3334.20 0.391788
3334.40 0.392226
3334.60 0.392662
3334.80 0.393099
3335.00 0.393536
3335.20 0.393973
3335.40 0.394409
3335.60 0.394846
3335.80 0.395283
3336.00 0.395720
3336.20 0.396155
3336.40 0.396591
3336.60 0.397029
3336.80 0.397464
3337.00 0.397901
3337.20 0.398337
3337.40 0.398774
3337.60 0.399209
3337.80 0.399646
3338.00 0.400082
3338.20 0.400517
3338.40 0.400954
3338.60 0.401388
3338.80 0.401825
3339.00 0.402259
3339.20 0.402696
3339.40 0.403130
3339.60 0.403567
3339.80 0.404002
3340.00 0.404439
3340.20 0.404874
3340.40 0.405309
3340.60 0.405745
3340.80 0.406180
3341.00 0.406614
3341.20 0.407050
3341.40 0.407485
3341.60 0.407920
3341.80 0.408355
3342.00 0.408791
3342.20 0.409225
3342.40 0.409659
3342.60 0.410094
3342.80 0.410530
3343.00 0.410964
3343.20 0.411397
3343.40 0.411833
3343.60 0.412268
3343.80 0.412702
3344.00 0.413137
3344.20 0.413571
3344.40 0.414005
3344.60 0.414439
3344.80 0.414873
3345.00 0.415307
3345.20 0.415742
3345.40 0.416176
3345.60 0.416609
3345.80 0.417043
3346.00 0.417477
3346.20 0.417912
3346.40 0.418345
3346.60 0.418779
3346.80 0.419213
3347.00 0.419646
3347.20 0.420080
3347.40 0.420513
3347.60 0.420947
3347.80 0.421380
3348.00 0.421815
3348.20 0.422246
3348.40 0.422681
3348.60 0.423113
3348.80 0.423547
3349.00 0.423980
3349.20 0.424413
3349.40 0.424846
3349.60 0.425279
3349.80 0.425712
3350.00 0.426145
3350.20 0.426578
3350.40 0.427009
3350.60 0.427442
3350.80 0.427876
3351.00 0.428313
3351.20 0.428767
3351.40 0.429222
3351.60 0.429677
3351.80 0.430130
3352.00 0.430586
3352.20 0.431040
3352.40 0.431493
3352.60 0.431950
3352.80 0.432403
3353.00 0.432858
3353.20 0.433313
3353.40 0.433765
3353.60 0.434221
3353.80 0.434675
3354.00 0.435129
3354.20 0.435583
3354.40 0.436036
3354.60 0.436490
3354.80 0.436944
3355.00 0.437397
3355.20 0.437852
3355.40 0.438304
3355.60 0.438760
3355.80 0.439212
3356.00 0.439667
3356.20 0.440119
3356.40 0.440571
3356.60 0.441027
3356.80 0.441479
3357.00 0.441932
3357.20 0.442386
3357.40 0.442838
3357.60 0.443293
3357.80 0.443746
3358.00 0.444197
3358.20 0.444649
3358.40 0.445104
3358.60 0.445557
3358.80 0.446009
3359.00 0.446461
3359.20 0.446913
3359.40 0.447367
3359.60 0.447819
3359.80 0.448271
3360.00 0.448724
3360.20 0.449175
3360.40 0.449630
3360.60 0.450082
3360.80 0.450534
3361.00 0.450985
3361.20 0.451438
3361.40 0.451889
3361.60 0.452341
3361.80 0.452793
3362.00 0.453246
3362.20 0.453696
3362.40 0.454148
3362.60 0.454600
3362.80 0.455052
3363.00 0.455503
3363.20 0.455954
3363.40 0.456406
3363.60 0.456857
3363.80 0.457309
3364.00 0.457761
3364.20 0.458212
3364.40 0.458663
3364.60 0.459115
3364.80 0.459566
3365.00 0.460017
3365.20 0.460467
3365.40 0.460919
3365.60 0.461371
3365.80 0.461820
3366.00 0.462271
3366.20 0.462722
3366.40 0.463172
3366.60 0.463623
3366.80 0.464074
3367.00 0.464525
3367.20 0.464976
3367.40 0.465424
3367.60 0.465876
3367.80 0.466327
3368.00 0.466776
3368.20 0.467226
3368.40 0.467677
3368.60 0.468126
3368.80 0.468577
3369.00 0.469027
3369.20 0.469476
3369.40 0.469927
3369.60 0.470376
3369.80 0.470826
3370.00 0.471277
3370.20 0.471725
3370.40 0.472175
3370.60 0.472625
3370.80 0.473075
3371.00 0.473524
3371.20 0.473974
3371.40 0.474423
3371.60 0.474872
3371.80 0.475320
3372.00 0.475770
3372.20 0.476218
3372.40 0.476668
3372.60 0.477117
3372.80 0.477567
3373.00 0.478016
3373.20 0.478464
3373.40 0.478913
3373.60 0.479361
3373.80 0.479812
3374.00 0.480260
3374.20 0.480707
3374.40 0.481157
3374.60 0.481606
3374.80 0.482053
3375.00 0.482502
3375.20 0.482951
3375.40 0.483398
3375.60 0.483846
3375.80 0.484294
3376.00 0.484742
3376.20 0.485192
3376.40 0.485639
3376.60 0.486086
3376.80 0.486534
3377.00 0.486984
3377.20 0.487431
3377.40 0.487879
3377.60 0.488326
3377.80 0.488773
3378.00 0.489221
3378.20 0.489668
3378.40 0.490116
3378.60 0.490563
3378.80 0.491011
3379.00 0.491458
3379.20 0.491906
3379.40 0.492353
3379.60 0.492801
3379.80 0.493246
3380.00 0.493695
3380.20 0.494141
3380.40 0.494588
3380.60 0.495036
3380.80 0.495483
3381.00 0.495930
3381.20 0.496375
3381.40 0.496822
3381.60 0.497270
3381.80 0.497715
3382.00 0.498162
3382.20 0.498609
3382.40 0.499056
3382.60 0.499503
3382.80 0.499948
3383.00 0.500395
3383.20 0.500840
3383.40 0.501286
3383.60 0.501732
3383.80 0.502179
3384.00 0.502625
3384.20 0.503070
3384.40 0.503517
3384.60 0.503962
3384.80 0.504409
3385.00 0.504855
3385.20 0.505300
3385.40 0.505745
3385.60 0.506190
3385.80 0.506638
3386.00 0.507082
3386.20 0.507526
3386.40 0.507972
3386.60 0.508417
3386.80 0.508864
3387.00 0.509308
3387.20 0.509754
3387.40 0.510199
3387.60 0.510645
3387.80 0.511089
3388.00 0.511533
3388.20 0.511980
3388.40 0.512424
3388.60 0.512869
3388.80 0.513314
3389.00 0.513759
3389.20 0.514202
3389.40 0.514647
3389.60 0.515093
3389.80 0.515536
3390.00 0.515981
3390.20 0.516424
3390.40 0.516870
3390.60 0.517315
3390.80 0.517757
3391.00 0.518202
3391.20 0.518647
3391.40 0.519090
3391.60 0.519535
3391.80 0.519978
3392.00 0.520422
3392.20 0.520866
3392.40 0.521309
3392.60 0.521755
3392.80 0.522196
3393.00 0.522641
3393.20 0.523086
3393.40 0.523529
3393.60 0.523973
3393.80 0.524416
3394.00 0.524859
3394.20 0.525303
3394.40 0.525745
3394.60 0.526188
3394.80 0.526633
3395.00 0.527076
3395.20 0.527519
3395.40 0.527961
3395.60 0.528403
3395.80 0.528846
3396.00 0.529289
3396.20 0.529732
3396.40 0.530175
3396.60 0.530619
3396.80 0.531061
3397.00 0.531503
3397.20 0.531946
3397.40 0.532388
3397.60 0.532831
3397.80 0.533274
3398.00 0.533714
3398.20 0.534157
3398.40 0.534600
3398.60 0.535043
3398.80 0.535484
3399.00 0.535926
3399.20 0.536368
3399.40 0.536811
3399.60 0.537252
3399.80 0.537695
3400.00 0.538137
3400.20 0.538577
3400.40 0.539020
3400.60 0.539461
3400.80 0.539902
3401.00 0.540344
3401.20 0.540782
3401.40 0.541218
3401.60 0.541654
3401.80 0.542092
3402.00 0.542529
3402.20 0.542966
3402.40 0.543403
3402.60 0.543840
3402.80 0.544275
3403.00 0.544712
3403.20 0.545149
3403.40 0.545586
3403.60 0.546024
3403.80 0.546460
3404.00 0.546895
3404.20 0.547332
3404.40 0.547767
3404.60 0.548205
3404.80 0.548641
3405.00 0.549076
3405.20 0.549512
3405.40 0.549949
3405.60 0.550384
3405.80 0.550821
3406.00 0.551257
3406.20 0.551692
3406.40 0.552127
3406.60 0.552565
3406.80 0.552999
3407.00 0.553435
3407.20 0.553872
3407.40 0.554307
3407.60 0.554742
3407.80 0.555177
3408.00 0.555613
3408.20 0.556049
3408.40 0.556483
3408.60 0.556919
3408.80 0.557354
3409.00 0.557789
3409.20 0.558223
3409.40 0.558658
3409.60 0.559094
3409.80 0.559528
3410.00 0.559965
3410.20 0.560398
3410.40 0.560833
3410.60 0.561268
3410.80 0.561703
3411.00 0.562138
3411.20 0.562573
3411.40 0.563007
3411.60 0.563441
3411.80 0.563876
3412.00 0.564310
3412.20 0.564745
3412.40 0.565177
3412.60 0.565613
3412.80 0.566047
3413.00 0.566482
3413.20 0.566914
3413.40 0.567349
3413.60 0.567784
3413.80 0.568218
3414.00 0.568650
3414.20 0.569085
3414.40 0.569517
3414.60 0.569952
3414.80 0.570386
3415.00 0.570819
3415.20 0.571253
3415.40 0.571686
3415.60 0.572120
3415.80 0.572552
3416.00 0.572986
3416.20 0.573421
3416.40 0.573852
3416.60 0.574287
3416.80 0.574719
3417.00 0.575153
3417.20 0.575585
3417.40 0.576018
3417.60 0.576452
3417.80 0.576884
3418.00 0.577318
3418.20 0.577749
3418.40 0.578183
3418.60 0.578615
3418.80 0.579048
3419.00 0.579481
3419.20 0.579913
3419.40 0.580346
3419.60 0.580778
3419.80 0.581210
3420.00 0.581644
3420.20 0.582075
3420.40 0.582507
3420.60 0.582941
3420.80 0.583372
3421.00 0.583804
3421.20 0.584235
3421.40 0.584669
3421.60 0.585100
3421.80 0.585532
3422.00 0.585963
3422.20 0.586395
3422.40 0.586828
3422.60 0.587259
3422.80 0.587690
3423.00 0.588121
3423.20 0.588553
3423.40 0.588984
3423.60 0.589416
3423.80 0.589847
3424.00 0.590280
3424.20 0.590710
3424.40 0.591142
3424.60 0.591573
3424.80 0.592005
3425.00 0.592436
3425.20 0.592866
3425.40 0.593297
3425.60 0.593728
3425.80 0.594160
3426.00 0.594590
3426.20 0.595021
3426.40 0.595451
3426.60 0.595883
3426.80 0.596312
3427.00 0.596742
3427.20 0.597173
3427.40 0.597603
3427.60 0.598034
3427.80 0.598465
3428.00 0.598896
3428.20 0.599326
3428.40 0.599756
3428.60 0.600185
3428.80 0.600616
3429.00 0.601046
3429.20 0.601477
3429.40 0.601904
3429.60 0.602336
3429.80 0.602766
3430.00 0.603196
3430.20 0.603624
3430.40 0.604054
3430.60 0.604485
3430.80 0.604913
3431.00 0.605344
3431.20 0.605774
3431.40 0.606202
3431.60 0.606632
3431.80 0.607062
3432.00 0.607491
3432.20 0.607920
3432.40 0.608351
3432.60 0.608778
3432.80 0.609208
3433.00 0.609636
3433.20 0.610066
3433.40 0.610495
3433.60 0.610925
3433.80 0.611353
3434.00 0.611782
3434.20 0.612209
3434.40 0.612639
3434.60 0.613068
3434.80 0.613497
3435.00 0.613924
3435.20 0.614354
3435.40 0.614782
3435.60 0.615210
3435.80 0.615639
3436.00 0.616066
3436.20 0.616496
3436.40 0.616923
3436.60 0.617351
3436.80 0.617779
3437.00 0.618208
3437.20 0.618635
3437.40 0.619064
3437.60 0.619492
3437.80 0.619920
3438.00 0.620348
3438.20 0.620776
3438.40 0.621202
3438.60 0.621630
3438.80 0.622058
3439.00 0.622487
3439.20 0.622913
3439.40 0.623340
3439.60 0.623768
3439.80 0.624195
3440.00 0.624624
3440.20 0.625051
3440.40 0.625477
3440.60 0.625905
3440.80 0.626332
3441.00 0.626759
3441.20 0.627186
3441.40 0.627612
3441.60 0.628039
3441.80 0.628466
3442.00 0.628893
3442.20 0.629319
3442.40 0.629747
3442.60 0.630175
3442.80 0.630601
3443.00 0.631026
3443.20 0.631453
3443.40 0.631880
3443.60 0.632307
3443.80 0.632732
3444.00 0.633159
3444.20 0.633586
3444.40 0.634011
3444.60 0.634438
3444.80 0.634864
3445.00 0.635291
3445.20 0.635717
3445.40 0.636142
3445.60 0.636568
3445.80 0.636993
3446.00 0.637420
3446.20 0.637846
3446.40 0.638271
3446.60 0.638698
3446.80 0.639122
3447.00 0.639549
3447.20 0.639973
3447.40 0.640399
3447.60 0.640824
3447.80 0.641250
3448.00 0.641675
3448.20 0.642100
3448.40 0.642526
3448.60 0.642951
3448.80 0.643376
3449.00 0.643802
3449.20 0.644225
3449.40 0.644651
3449.60 0.645076
3449.80 0.645501
3450.00 0.645926
3450.20 0.646351
3450.40 0.646776
3450.60 0.647201
3450.80 0.647625
3451.00 0.648049
3451.20 0.648465
3451.40 0.648880
3451.60 0.649298
3451.80 0.649713
3452.00 0.650128
3452.20 0.650543
3452.40 0.650960
3452.60 0.651375
3452.80 0.651790
3453.00 0.652206
3453.20 0.652621
3453.40 0.653037
3453.60 0.653452
3453.80 0.653868
3454.00 0.654282
3454.20 0.654697
3454.40 0.655114
3454.60 0.655529
3454.80 0.655944
3455.00 0.656358
3455.20 0.656773
3455.40 0.657188
3455.60 0.657603
3455.80 0.658018
3456.00 0.658432
3456.20 0.658847
3456.40 0.659261
3456.60 0.659676
3456.80 0.660091
3457.00 0.660505
3457.20 0.660920
3457.40 0.661334
3457.60 0.661749
3457.80 0.662163
3458.00 0.662578
3458.20 0.662992
3458.40 0.663406
3458.60 0.663821
3458.80 0.664233
3459.00 0.664648
3459.20 0.665062
3459.40 0.665476
3459.60 0.665891
3459.80 0.666305
3460.00 0.666717
3460.20 0.667131
3460.40 0.667545
3460.60 0.667959
3460.80 0.668374
3461.00 0.668785
3461.20 0.669199
3461.40 0.669613
3461.60 0.670027
3461.80 0.670439
3462.00 0.670853
3462.20 0.671267
3462.40 0.671680
3462.60 0.672093
3462.80 0.672507
3463.00 0.672918
3463.20 0.673332
3463.40 0.673745
3463.60 0.674158
3463.80 0.674571
3464.00 0.674983
3464.20 0.675397
3464.40 0.675809
3464.60 0.676222
3464.80 0.676634
3465.00 0.677047
3465.20 0.677459
3465.40 0.677872
3465.60 0.678285
3465.80 0.678698
3466.00 0.679111
3466.20 0.679522
3466.40 0.679933
3466.60 0.680347
3466.80 0.680758
3467.00 0.681170
3467.20 0.681583
3467.40 0.681994
3467.60 0.682407
3467.80 0.682819
3468.00 0.683230
3468.20 0.683643
3468.40 0.684053
3468.60 0.684467
3468.80 0.684878
3469.00 0.685290
3469.20 0.685701
3469.40 0.686114
3469.60 0.686525
3469.80 0.686936
3470.00 0.687346
3470.20 0.687758
3470.40 0.688169
3470.60 0.688581
3470.80 0.688992
3471.00 0.689403
3471.20 0.689814
3471.40 0.690225
3471.60 0.690638
3471.80 0.691048
3472.00 0.691459
3472.20 0.691869
3472.40 0.692281
3472.60 0.692692
3472.80 0.693101
3473.00 0.693514
3473.20 0.693922
3473.40 0.694334
3473.60 0.694745
3473.80 0.695156
3474.00 0.695567
3474.20 0.695975
3474.40 0.696386
3474.60 0.696797
3474.80 0.697208
3475.00 0.697617
3475.20 0.698027
3475.40 0.698438
3475.60 0.698848
3475.80 0.699258
3476.00 0.699667
3476.20 0.700078
3476.40 0.700488
3476.60 0.700898
3476.80 0.701308
3477.00 0.701716
3477.20 0.702127
3477.40 0.702537
3477.60 0.702946
3477.80 0.703357
3478.00 0.703764
3478.20 0.704175
3478.40 0.704584
3478.60 0.704994
3478.80 0.705402
3479.00 0.705812
3479.20 0.706222
3479.40 0.706631
3479.60 0.707040
3479.80 0.707449
3480.00 0.707857
3480.20 0.708268
3480.40 0.708675
3480.60 0.709086
3480.80 0.709494
3481.00 0.709904
3481.20 0.710312
3481.40 0.710720
3481.60 0.711130
3481.80 0.711538
3482.00 0.711945
3482.20 0.712355
3482.40 0.712763
3482.60 0.713171
3482.80 0.713581
3483.00 0.713989
3483.20 0.714396
3483.40 0.714804
3483.60 0.715213
3483.80 0.715622
3484.00 0.716029
3484.20 0.716437
3484.40 0.716846
3484.60 0.717255
3484.80 0.717662
3485.00 0.718069
3485.20 0.718477
3485.40 0.718884
3485.60 0.719292
3485.80 0.719702
3486.00 0.720109
3486.20 0.720516
3486.40 0.720923
3486.60 0.721331
3486.80 0.721738
3487.00 0.722145
3487.20 0.722552
3487.40 0.722960
3487.60 0.723368
3487.80 0.723775
3488.00 0.724181
3488.20 0.724589
3488.40 0.724996
3488.60 0.725403
3488.80 0.725810
3489.00 0.726217
3489.20 0.726624
3489.40 0.727031
3489.60 0.727439
3489.80 0.727846
3490.00 0.728251
3490.20 0.728657
3490.40 0.729064
3490.60 0.729471
3490.80 0.729878
3491.00 0.730284
3491.20 0.730691
3491.40 0.731096
3491.60 0.731503
3491.80 0.731910
3492.00 0.732316
3492.20 0.732722
3492.40 0.733127
3492.60 0.733535
3492.80 0.733941
3493.00 0.734346
3493.20 0.734753
3493.40 0.735158
3493.60 0.735564
3493.80 0.735970
3494.00 0.736377
3494.20 0.736781
3494.40 0.737187
3494.60 0.737594
3494.80 0.737999
3495.00 0.738404
3495.20 0.738811
3495.40 0.739214
3495.60 0.739622
3495.80 0.740026
3496.00 0.740432
3496.20 0.740836
3496.40 0.741242
3496.60 0.741647
3496.80 0.742053
3497.00 0.742457
3497.20 0.742863
3497.40 0.743266
3497.60 0.743674
3497.80 0.744077
3498.00 0.744483
3498.20 0.744887
3498.40 0.745291
3498.60 0.745697
3498.80 0.746101
3499.00 0.746506
3499.20 0.746911
3499.40 0.747314
3499.60 0.747720
3499.80 0.748124
3500.00 0.748528
3500.20 0.748932
3500.40 0.749338
3500.60 0.749741
3500.80 0.750145
3501.00 0.750551
3501.20 0.750997
3501.40 0.751442
3501.60 0.751888
3501.80 0.752337
3502.00 0.752783
3502.20 0.753229
3502.40 0.753675
3502.60 0.754121
3502.80 0.754567
3503.00 0.755013
3503.20 0.755459
3503.40 0.755906
3503.60 0.756353
3503.80 0.756799
3504.00 0.757244
3504.20 0.757690
3504.40 0.758135
3504.60 0.758581
3504.80 0.759027
3505.00 0.759474
3505.20 0.759918
3505.40 0.760364
3505.60 0.760810
3505.80 0.761256
3506.00 0.761702
3506.20 0.762146
3506.40 0.762592
3506.60 0.763038
3506.80 0.763483
3507.00 0.763928
3507.20 0.764373
3507.40 0.764818
3507.60 0.765262
3507.80 0.765708
3508.00 0.766154
3508.20 0.766598
3508.40 0.767043
3508.60 0.767488
3508.80 0.767932
3509.00 0.768378
3509.20 0.768821
3509.40 0.769267
3509.60 0.769710
3509.80 0.770156
3510.00 0.770601
3510.20 0.771044
3510.40 0.771489
3510.60 0.771933
3510.80 0.772377
3511.00 0.772821
3511.20 0.773265
3511.40 0.773710
3511.60 0.774153
3511.80 0.774599
3512.00 0.775042
3512.20 0.775486
3512.40 0.775929
3512.60 0.776373
3512.80 0.776818
3513.00 0.777261
3513.20 0.777703
3513.40 0.778149
3513.60 0.778592
3513.80 0.779035
3514.00 0.779479
3514.20 0.779922
3514.40 0.780365
3514.60 0.780808
3514.80 0.781253
3515.00 0.781695
3515.20 0.782137
3515.40 0.782582
3515.60 0.783025
3515.80 0.783468
3516.00 0.783910
3516.20 0.784353
3516.40 0.784795
3516.60 0.785238
3516.80 0.785683
3517.00 0.786125
3517.20 0.786567
3517.40 0.787010
3517.60 0.787452
3517.80 0.787894
3518.00 0.788336
3518.20 0.788779
3518.40 0.789221
3518.60 0.789663
3518.80 0.790105
3519.00 0.790547
3519.20 0.790990
3519.40 0.791431
3519.60 0.791874
3519.80 0.792316
3520.00 0.792758
3520.20 0.793200
3520.40 0.793642
3520.60 0.794084
3520.80 0.794526
3521.00 0.794968
3521.20 0.795410
3521.40 0.795851
3521.60 0.796294
3521.80 0.796733
3522.00 0.797175
3522.20 0.797616
3522.40 0.798058
3522.60 0.798500
3522.80 0.798942
3523.00 0.799381
3523.20 0.799822
3523.40 0.800264
3523.60 0.800704
3523.80 0.801146
3524.00 0.801587
3524.20 0.802028
3524.40 0.802467
3524.60 0.802909
3524.80 0.803351
3525.00 0.803789
3525.20 0.804231
3525.40 0.804672
3525.60 0.805111
3525.80 0.805553
3526.00 0.805993
3526.20 0.806433
3526.40 0.806874
3526.60 0.807314
3526.80 0.807755
3527.00 0.808195
3527.20 0.808634
3527.40 0.809076
3527.60 0.809515
3527.80 0.809956
3528.00 0.810394
3528.20 0.810836
3528.40 0.811274
3528.60 0.811715
3528.80 0.812154
3529.00 0.812593
3529.20 0.813033
3529.40 0.813473
3529.60 0.813913
3529.80 0.814352
3530.00 0.814793
3530.20 0.815231
3530.40 0.815669
3530.60 0.816110
3530.80 0.816549
3531.00 0.816988
3531.20 0.817427
3531.40 0.817866
3531.60 0.818305
3531.80 0.818744
3532.00 0.819184
3532.20 0.819621
3532.40 0.820059
3532.60 0.820499
3532.80 0.820939
3533.00 0.821377
3533.20 0.821815
3533.40 0.822253
3533.60 0.822694
3533.80 0.823132
3534.00 0.823570
3534.20 0.824008
3534.40 0.824446
3534.60 0.824885
3534.80 0.825324
3535.00 0.825762
3535.20 0.826200
3535.40 0.826636
3535.60 0.827076
3535.80 0.827514
3536.00 0.827951
3536.20 0.828390
3536.40 0.828827
3536.60 0.829265
3536.80 0.829703
3537.00 0.830141
3537.20 0.830578
3537.40 0.831015
3537.60 0.831453
3537.80 0.831892
3538.00 0.832328
3538.20 0.832765
3538.40 0.833203
3538.60 0.833641
3538.80 0.834077
3539.00 0.834515
3539.20 0.834951
3539.40 0.835389
3539.60 0.835827
3539.80 0.836262
3540.00 0.836700
3540.20 0.837138
3540.40 0.837574
3540.60 0.838011
3540.80 0.838447
3541.00 0.838885
3541.20 0.839320
3541.40 0.839758
3541.60 0.840193
3541.80 0.840631
3542.00 0.841066
3542.20 0.841503
3542.40 0.841939
3542.60 0.842375
3542.80 0.842812
3543.00 0.843249
3543.20 0.843685
3543.40 0.844120
3543.60 0.844558
3543.80 0.844993
3544.00 0.845429
3544.20 0.845865
3544.40 0.846300
3544.60 0.846735
3544.80 0.847173
3545.00 0.847608
3545.20 0.848043
3545.40 0.848479
3545.60 0.848915
3545.80 0.849350
3546.00 0.849785
3546.20 0.850222
3546.40 0.850657
3546.60 0.851092
3546.80 0.851526
3547.00 0.851963
3547.20 0.852398
3547.40 0.852833
3547.60 0.853268
3547.80 0.853702
3548.00 0.854137
3548.20 0.854572
3548.40 0.855007
3548.60 0.855444
3548.80 0.855878
3549.00 0.856312
3549.20 0.856747
3549.40 0.857181
3549.60 0.857616
3549.80 0.858050
3550.00 0.858485
3550.20 0.858919
3550.40 0.859353
3550.60 0.859788
3550.80 0.860222
3551.00 0.860650
3551.20 0.860954
3551.40 0.861242
3551.60 0.861529
3551.80 0.861817
3552.00 0.862104
3552.20 0.862391
3552.40 0.862678
3552.60 0.862964
3552.80 0.863251
3553.00 0.863539
3553.20 0.863826
3553.40 0.864113
3553.60 0.864400
3553.80 0.864686
3554.00 0.864973
3554.20 0.865260
3554.40 0.865547
3554.60 0.865834
3554.80 0.866120
3555.00 0.866407
3555.20 0.866694
3555.40 0.866981
3555.60 0.867266
3555.80 0.867554
3556.00 0.867840
3556.20 0.868126
3556.40 0.868413
3556.60 0.868700
3556.80 0.868985
3557.00 0.869272
3557.20 0.869558
3557.40 0.869845
3557.60 0.870131
3557.80 0.870417
3558.00 0.870704
3558.20 0.870990
3558.40 0.871276
3558.60 0.871563
3558.80 0.871848
3559.00 0.872134
3559.20 0.872420
3559.40 0.872707
3559.60 0.872992
3559.80 0.873279
3560.00 0.873563
3560.20 0.873850
3560.40 0.874135
3560.60 0.874421
3560.80 0.874707
3561.00 0.874992
3561.20 0.875279
3561.40 0.875564
3561.60 0.875850
3561.80 0.876136
3562.00 0.876421
3562.20 0.876706
3562.40 0.876992
3562.60 0.877277
3562.80 0.877562
3563.00 0.877849
3563.20 0.878133
3563.40 0.878418
3563.60 0.878705
3563.80 0.878990
3564.00 0.879275
3564.20 0.879559
3564.40 0.879844
3564.60 0.880130
3564.80 0.880416
3565.00 0.880700
3565.20 0.880985
3565.40 0.881270
3565.60 0.881556
3565.80 0.881841
3566.00 0.882126
3566.20 0.882410
3566.40 0.882695
3566.60 0.882980
3566.80 0.883265
3567.00 0.883550
3567.20 0.883834
3567.40 0.884119
3567.60 0.884403
3567.80 0.884688
3568.00 0.884973
3568.20 0.885258
3568.40 0.885543
3568.60 0.885826
3568.80 0.886111
3569.00 0.886395
3569.20 0.886679
3569.40 0.886964
3569.60 0.887249
3569.80 0.887532
3570.00 0.887817
3570.20 0.888101
3570.40 0.888386
3570.60 0.888670
3570.80 0.888955
3571.00 0.889237
3571.20 0.889523
3571.40 0.889806
3571.60 0.890090
3571.80 0.890373
3572.00 0.890658
3572.20 0.890941
3572.40 0.891226
3572.60 0.891511
3572.80 0.891794
3573.00 0.892077
3573.20 0.892361
3573.40 0.892645
3573.60 0.892929
3573.80 0.893212
3574.00 0.893496
3574.20 0.893779
3574.40 0.894064
3574.60 0.894347
3574.80 0.894631
3575.00 0.894914
3575.20 0.895197
3575.40 0.895481
3575.60 0.895764
3575.80 0.896047
3576.00 0.896332
3576.20 0.896614
3576.40 0.896897
3576.60 0.897181
3576.80 0.897464
3577.00 0.897747
3577.20 0.898030
3577.40 0.898312
3577.60 0.898597
3577.80 0.898879
3578.00 0.899162
3578.20 0.899445
3578.40 0.899728
3578.60 0.900012
3578.80 0.900294
3579.00 0.900577
3579.20 0.900859
3579.40 0.901142
3579.60 0.901425
3579.80 0.901708
3580.00 0.901991
3580.20 0.902274
3580.40 0.902556
3580.60 0.902839
3580.80 0.903122
3581.00 0.903404
3581.20 0.903686
3581.40 0.903969
3581.60 0.904252
3581.80 0.904534
3582.00 0.904816
3582.20 0.905098
3582.40 0.905381
3582.60 0.905663
3582.80 0.905946
3583.00 0.906228
3583.20 0.906510
3583.40 0.906792
3583.60 0.907074
3583.80 0.907355
3584.00 0.907638
3584.20 0.907920
3584.40 0.908202
3584.60 0.908485
3584.80 0.908767
3585.00 0.909047
3585.20 0.909329
3585.40 0.909611
3585.60 0.909894
3585.80 0.910176
3586.00 0.910456
3586.20 0.910739
3586.40 0.911021
3586.60 0.911302
3586.80 0.911583
3587.00 0.911865
3587.20 0.912147
3587.40 0.912429
3587.60 0.912710
3587.80 0.912992
3588.00 0.913274
3588.20 0.913554
3588.40 0.913836
3588.60 0.914117
3588.80 0.914399
3589.00 0.914680
3589.20 0.914960
3589.40 0.915242
3589.60 0.915523
3589.80 0.915805
3590.00 0.916085
3590.20 0.916367
3590.40 0.916647
3590.60 0.916929
3590.80 0.917209
3591.00 0.917491
3591.20 0.917771
3591.40 0.918053
3591.60 0.918333
3591.80 0.918615
3592.00 0.918895
3592.20 0.919177
3592.40 0.919457
3592.60 0.919737
3592.80 0.920019
3593.00 0.920298
3593.20 0.920580
3593.40 0.920860
3593.60 0.921140
3593.80 0.921421
3594.00 0.921702
3594.20 0.921982
3594.40 0.922262
3594.60 0.922543
3594.80 0.922824
3595.00 0.923103
3595.20 0.923383
3595.40 0.923665
3595.60 0.923945
3595.80 0.924225
3596.00 0.924504
3596.20 0.924785
3596.40 0.925065
3596.60 0.925346
3596.80 0.925625
3597.00 0.925905
3597.20 0.926185
3597.40 0.926464
3597.60 0.926745
3597.80 0.927025
3598.00 0.927305
3598.20 0.927585
3598.40 0.927864
3598.60 0.928144
3598.80 0.928424
3599.00 0.928704
3599.20 0.928983
3599.40 0.929263
3599.60 0.929543
3599.80 0.929823
3600.00 0.930102
3600.20 0.930381
3600.40 0.930661
3600.60 0.930941
3600.80 0.931220
3601.00 0.931496
3601.20 0.931704
3601.40 0.931896
3601.60 0.932089
3601.80 0.932281
3602.00 0.932473
3602.20 0.932666
3602.40 0.932858
3602.60 0.933050
3602.80 0.933243
3603.00 0.933434
3603.20 0.933628
3603.40 0.933819
3603.60 0.934012
3603.80 0.934204
3604.00 0.934396
3604.20 0.934588
3604.40 0.934780
3604.60 0.934972
3604.80 0.935165
3605.00 0.935356
3605.20 0.935548
3605.40 0.935740
3605.60 0.935932
3605.80 0.936125
3606.00 0.936316
3606.20 0.936509
3606.40 0.936700
3606.60 0.936892
3606.80 0.937084
3607.00 0.937276
3607.20 0.937467
3607.40 0.937660
3607.60 0.937851
3607.80 0.938043
3608.00 0.938234
3608.20 0.938427
3608.40 0.938618
3608.60 0.938810
3608.80 0.939001
3609.00 0.939194
3609.20 0.939385
3609.40 0.939576
3609.60 0.939768
3609.80 0.939959
3610.00 0.940151
3610.20 0.940343
3610.40 0.940534
3610.60 0.940725
3610.80 0.940917
3611.00 0.941108
3611.20 0.941299
3611.40 0.941491
3611.60 0.941683
3611.80 0.941874
3612.00 0.942065
3612.20 0.942256
3612.40 0.942448
3612.60 0.942639
3612.80 0.942830
3613.00 0.943021
3613.20 0.943213
3613.40 0.943404
3613.60 0.943595
3613.80 0.943786
3614.00 0.943977
3614.20 0.944168
3614.40 0.944358
3614.60 0.944550
3614.80 0.944741
3615.00 0.944932
3615.20 0.945123
3615.40 0.945314
3615.60 0.945505
3615.80 0.945696
3616.00 0.945887
3616.20 0.946077
3616.40 0.946268
3616.60 0.946460
3616.80 0.946650
3617.00 0.946842
3617.20 0.947031
3617.40 0.947222
3617.60 0.947414
3617.80 0.947604
3618.00 0.947794
3618.20 0.947985
3618.40 0.948176
3618.60 0.948366
3618.80 0.948557
3619.00 0.948748
3619.20 0.948938
3619.40 0.949129
3619.60 0.949320
3619.80 0.949509
3620.00 0.949700
3620.20 0.949891
3620.40 0.950081
3620.60 0.950272
3620.80 0.950461
3621.00 0.950653
3621.20 0.950842
3621.40 0.951033
3621.60 0.951223
3621.80 0.951413
3622.00 0.951603
3622.20 0.951794
3622.40 0.951984
3622.60 0.952174
3622.80 0.952364
3623.00 0.952554
3623.20 0.952744
3623.40 0.952935
3623.60 0.953125
3623.80 0.953314
3624.00 0.953505
3624.20 0.953695
3624.40 0.953885
3624.60 0.954075
3624.80 0.954265
3625.00 0.954455
3625.20 0.954645
3625.40 0.954834
3625.60 0.955024
3625.80 0.955215
3626.00 0.955404
3626.20 0.955594
3626.40 0.955783
3626.60 0.955974
3626.80 0.956163
3627.00 0.956353
3627.20 0.956543
3627.40 0.956733
3627.60 0.956922
3627.80 0.957112
3628.00 0.957301
3628.20 0.957491
3628.40 0.957681
3628.60 0.957871
3628.80 0.958060
3629.00 0.958249
3629.20 0.958439
3629.40 0.958628
3629.60 0.958818
3629.80 0.959007
3630.00 0.959196
3630.20 0.959386
3630.40 0.959576
3630.60 0.959764
3630.80 0.959954
3631.00 0.960143
3631.20 0.960333
3631.40 0.960523
3631.60 0.960711
3631.80 0.960901
3632.00 0.961089
3632.20 0.961279
3632.40 0.961468
3632.60 0.961657
3632.80 0.961846
3633.00 0.962036
3633.20 0.962224
3633.40 0.962414
3633.60 0.962603
3633.80 0.962791
3634.00 0.962981
3634.20 0.963169
3634.40 0.963359
3634.60 0.963548
3634.80 0.963737
3635.00 0.963925
3635.20 0.964115
3635.40 0.964303
3635.60 0.964492
3635.80 0.964680
3636.00 0.964870
3636.20 0.965058
3636.40 0.965247
3636.60 0.965436
3636.80 0.965624
3637.00 0.965813
3637.20 0.966002
3637.40 0.966191
3637.60 0.966379
3637.80 0.966567
3638.00 0.966756
3638.20 0.966945
3638.40 0.967133
3638.60 0.967322
3638.80 0.967511
3639.00 0.967699
3639.20 0.967887
3639.40 0.968076
3639.60 0.968264
3639.80 0.968453
3640.00 0.968642
3640.20 0.968830
3640.40 0.969018
3640.60 0.969206
3640.80 0.969394
3641.00 0.969583
3641.20 0.969771
3641.40 0.969959
3641.60 0.970148
3641.80 0.970335
3642.00 0.970523
3642.20 0.970711
3642.40 0.970900
3642.60 0.971089
3642.80 0.971277
3643.00 0.971465
3643.20 0.971653
3643.40 0.971841
3643.60 0.972029
3643.80 0.972217
3644.00 0.972405
3644.20 0.972592
3644.40 0.972780
3644.60 0.972968
3644.80 0.973157
3645.00 0.973344
3645.20 0.973532
3645.40 0.973720
3645.60 0.973908
3645.80 0.974096
3646.00 0.974282
3646.20 0.974470
3646.40 0.974658
3646.60 0.974846
3646.80 0.975034
3647.00 0.975222
3647.20 0.975410
3647.40 0.975597
3647.60 0.975784
3647.80 0.975972
3648.00 0.976160
3648.20 0.976347
3648.40 0.976534
3648.60 0.976722
3648.80 0.976910
3649.00 0.977097
3649.20 0.977284
3649.40 0.977472
3649.60 0.977659
3649.80 0.977847
3650.00 0.978033
3650.20 0.978221
3650.40 0.978409
3650.60 0.978595
3650.80 0.978783
3651.00 0.978968
3651.20 0.979076
3651.40 0.979161
3651.60 0.979246
3651.80 0.979331
3652.00 0.979416
3652.20 0.979502
3652.40 0.979587
3652.60 0.979672
3652.80 0.979757
3653.00 0.979842
3653.20 0.979927
3653.40 0.980012
3653.60 0.980098
3653.80 0.980182
3654.00 0.980268
3654.20 0.980352
3654.40 0.980437
3654.60 0.980522
3654.80 0.980607
3655.00 0.980693
3655.20 0.980777
3655.40 0.980862
3655.60 0.980947
3655.80 0.981032
3656.00 0.981117
3656.20 0.981202
3656.40 0.981287
3656.60 0.981372
3656.80 0.981457
3657.00 0.981541
3657.20 0.981627
3657.40 0.981712
3657.60 0.981796
3657.80 0.981881
3658.00 0.981966
3658.20 0.982051
3658.40 0.982135
3658.60 0.982221
3658.80 0.982306
3659.00 0.982390
3659.20 0.982475
3659.40 0.982560
3659.60 0.982645
3659.80 0.982730
3660.00 0.982814
3660.20 0.982899
3660.40 0.982983
3660.60 0.983069
3660.80 0.983153
3661.00 0.983238
3661.20 0.983322
3661.40 0.983407
3661.60 0.983492
3661.80 0.983577
3662.00 0.983662
3662.20 0.983746
3662.40 0.983831
3662.60 0.983915
3662.80 0.984000
3663.00 0.984084
3663.20 0.984169
3663.40 0.984253
3663.60 0.984338
3663.80 0.984423
3664.00 0.984507
3664.20 0.984592
3664.40 0.984677
3664.60 0.984761
3664.80 0.984846
3665.00 0.984930
3665.20 0.985015
3665.40 0.985099
3665.60 0.985184
3665.80 0.985268
3666.00 0.985353
3666.20 0.985437
3666.40 0.985521
3666.60 0.985606
3666.80 0.985690
3667.00 0.985775
3667.20 0.985859
3667.40 0.985944
3667.60 0.986028
3667.80 0.986112
3668.00 0.986197
3668.20 0.986281
3668.40 0.986366
3668.60 0.986450
3668.80 0.986534
3669.00 0.986619
3669.20 0.986703
3669.40 0.986787
3669.60 0.986872
3669.80 0.986956
3670.00 0.987040
3670.20 0.987124
3670.40 0.987209
3670.60 0.987293
3670.80 0.987377
3671.00 0.987462
3671.20 0.987546
3671.40 0.987630
3671.60 0.987714
3671.80 0.987798
3672.00 0.987883
3672.20 0.987967
3672.40 0.988051
3672.60 0.988135
3672.80 0.988219
3673.00 0.988304
3673.20 0.988388
3673.40 0.988472
3673.60 0.988556
3673.80 0.988640
3674.00 0.988725
3674.20 0.988809
3674.40 0.988893
3674.60 0.988977
3674.80 0.989061
3675.00 0.989145
3675.20 0.989229
3675.40 0.989313
3675.60 0.989397
3675.80 0.989481
3676.00 0.989565
3676.20 0.989649
3676.40 0.989733
3676.60 0.989817
3676.80 0.989901
3677.00 0.989985
3677.20 0.990069
3677.40 0.990153
3677.60 0.990237
3677.80 0.990321
3678.00 0.990405
3678.20 0.990489
3678.40 0.990573
3678.60 0.990657
3678.80 0.990741
3679.00 0.990824
3679.20 0.990908
3679.40 0.990992
3679.60 0.991076
3679.80 0.991160
3680.00 0.991243
3680.20 0.991328
3680.40 0.991411
3680.60 0.991495
3680.80 0.991579
3681.00 0.991663
3681.20 0.991747
3681.40 0.991830
3681.60 0.991914
3681.80 0.991998
3682.00 0.992081
3682.20 0.992165
3682.40 0.992249
3682.60 0.992333
3682.80 0.992417
3683.00 0.992500
3683.20 0.992584
3683.40 0.992667
3683.60 0.992751
3683.80 0.992835
3684.00 0.992918
3684.20 0.993002
3684.40 0.993086
3684.60 0.993170
3684.80 0.993253
3685.00 0.993337
3685.20 0.993420
3685.40 0.993504
3685.60 0.993587
3685.80 0.993671
3686.00 0.993755
3686.20 0.993838
3686.40 0.993922
3686.60 0.994005
3686.80 0.994089
3687.00 0.994172
3687.20 0.994256
3687.40 0.994340
3687.60 0.994423
3687.80 0.994506
3688.00 0.994590
3688.20 0.994673
3688.40 0.994757
3688.60 0.994840
3688.80 0.994924
3689.00 0.995007
3689.20 0.995091
3689.40 0.995174
3689.60 0.995257
3689.80 0.995341
3690.00 0.995424
3690.20 0.995508
3690.40 0.995591
3690.60 0.995674
3690.80 0.995758
3691.00 0.995841
3691.20 0.995924
3691.40 0.996007
3691.60 0.996091
3691.80 0.996174
3692.00 0.996257
3692.20 0.996341
3692.40 0.996424
3692.60 0.996507
3692.80 0.996591
3693.00 0.996674
3693.20 0.996757
3693.40 0.996840
3693.60 0.996924
3693.80 0.997007
3694.00 0.997090
3694.20 0.997173
3694.40 0.997257
3694.60 0.997339
3694.80 0.997423
3695.00 0.997506
3695.20 0.997589
3695.40 0.997672
3695.60 0.997755
3695.80 0.997838
3696.00 0.997922
3696.20 0.998004
3696.40 0.998088
3696.60 0.998171
3696.80 0.998254
3697.00 0.998337
3697.20 0.998420
3697.40 0.998503
3697.60 0.998586
3697.80 0.998669
3698.00 0.998752
3698.20 0.998835
3698.40 0.998918
3698.60 0.999001
3698.80 0.999085
3699.00 0.999167
3699.20 0.999251
3699.40 0.999333
3699.60 0.999416
3699.80 0.999499
3700.00 0.999582
3700.20 0.999665
3700.40 0.999748
3700.60 0.999831
3700.80 0.999914
3701.00 0.999995
3701.20 1.000000
3701.40 0.999974
3701.60 0.999948
3701.80 0.999922
3702.00 0.999896
3702.20 0.999870
3702.40 0.999845
3702.60 0.999819
3702.80 0.999793
3703.00 0.999767
3703.20 0.999741
3703.40 0.999715
3703.60 0.999690
3703.80 0.999664
3704.00 0.999638
3704.20 0.999612
3704.40 0.999586
3704.60 0.999561
3704.80 0.999535
3705.00 0.999509
3705.20 0.999483
3705.40 0.999457
3705.60 0.999432
3705.80 0.999406
3706.00 0.999380
3706.20 0.999354
3706.40 0.999328
3706.60 0.999303
3706.80 0.999277
3707.00 0.999251
3707.20 0.999225
3707.40 0.999200
3707.60 0.999174
3707.80 0.999148
3708.00 0.999122
3708.20 0.999097
3708.40 0.999071
3708.60 0.999045
3708.80 0.999019
3709.00 0.998994
3709.20 0.998968
3709.40 0.998942
3709.60 0.998916
3709.80 0.998891
3710.00 0.998865
3710.20 0.998839
3710.40 0.998813
3710.60 0.998788
3710.80 0.998762
3711.00 0.998736
3711.20 0.998711
3711.40 0.998685
3711.60 0.998659
3711.80 0.998634
3712.00 0.998608
3712.20 0.998582
3712.40 0.998557
3712.60 0.998531
3712.80 0.998505
3713.00 0.998479
3713.20 0.998454
3713.40 0.998428
3713.60 0.998402
3713.80 0.998377
3714.00 0.998351
3714.20 0.998325
3714.40 0.998300
3714.60 0.998274
3714.80 0.998248
3715.00 0.998223
3715.20 0.998197
3715.40 0.998172
3715.60 0.998146
3715.80 0.998120
3716.00 0.998095
3716.20 0.998069
3716.40 0.998043
3716.60 0.998018
3716.80 0.997992
3717.00 0.997966
3717.20 0.997941
3717.40 0.997915
3717.60 0.997889
3717.80 0.997864
3718.00 0.997838
3718.20 0.997813
3718.40 0.997787
3718.60 0.997761
3718.80 0.997736
3719.00 0.997710
3719.20 0.997685
3719.40 0.997659
3719.60 0.997633
3719.80 0.997608
3720.00 0.997582
3720.20 0.997557
3720.40 0.997531
3720.60 0.997505
3720.80 0.997480
3721.00 0.997454
3721.20 0.997429
3721.40 0.997403
3721.60 0.997378
3721.80 0.997352
3722.00 0.997327
3722.20 0.997301
3722.40 0.997275
3722.60 0.997250
3722.80 0.997224
3723.00 0.997199
3723.20 0.997173
3723.40 0.997148
3723.60 0.997122
3723.80 0.997097
3724.00 0.997071
3724.20 0.997046
3724.40 0.997020
3724.60 0.996995
3724.80 0.996969
3725.00 0.996943
3725.20 0.996918
3725.40 0.996892
3725.60 0.996867
3725.80 0.996841
3726.00 0.996816
3726.20 0.996790
3726.40 0.996765
3726.60 0.996739
3726.80 0.996714
3727.00 0.996688
3727.20 0.996663
3727.40 0.996637
3727.60 0.996612
3727.80 0.996586
3728.00 0.996561
3728.20 0.996536
3728.40 0.996510
3728.60 0.996485
3728.80 0.996459
3729.00 0.996434
3729.20 0.996408
3729.40 0.996383
3729.60 0.996357
3729.80 0.996332
3730.00 0.996306
3730.20 0.996281
3730.40 0.996256
3730.60 0.996230
3730.80 0.996205
3731.00 0.996179
3731.20 0.996154
3731.40 0.996128
3731.60 0.996103
3731.80 0.996077
3732.00 0.996052
3732.20 0.996026
3732.40 0.996001
3732.60 0.995976
3732.80 0.995950
3733.00 0.995925
3733.20 0.995900
3733.40 0.995874
3733.60 0.995849
3733.80 0.995823
3734.00 0.995798
3734.20 0.995773
3734.40 0.995747
3734.60 0.995722
3734.80 0.995696
3735.00 0.995671
3735.20 0.995646
3735.40 0.995620
3735.60 0.995595
3735.80 0.995569
3736.00 0.995544
3736.20 0.995519
3736.40 0.995493
3736.60 0.995468
3736.80 0.995443
3737.00 0.995417
3737.20 0.995392
3737.40 0.995367
3737.60 0.995341
3737.80 0.995316
3738.00 0.995291
3738.20 0.995265
3738.40 0.995240
3738.60 0.995215
3738.80 0.995189
3739.00 0.995164
3739.20 0.995139
3739.40 0.995113
3739.60 0.995088
3739.80 0.995063
3740.00 0.995037
3740.20 0.995012
3740.40 0.994987
3740.60 0.994961
3740.80 0.994936
3741.00 0.994911
3741.20 0.994885
3741.40 0.994860
3741.60 0.994835
3741.80 0.994810
3742.00 0.994784
3742.20 0.994759
3742.40 0.994734
3742.60 0.994709
3742.80 0.994683
3743.00 0.994658
3743.20 0.994633
3743.40 0.994607
3743.60 0.994582
3743.80 0.994557
3744.00 0.994532
3744.20 0.994506
3744.40 0.994481
3744.60 0.994456
3744.80 0.994431
3745.00 0.994405
3745.20 0.994380
3745.40 0.994355
3745.60 0.994330
3745.80 0.994304
3746.00 0.994279
3746.20 0.994254
3746.40 0.994229
3746.60 0.994203
3746.80 0.994178
3747.00 0.994153
3747.20 0.994128
3747.40 0.994103
3747.60 0.994077
3747.80 0.994052
3748.00 0.994027
3748.20 0.994002
3748.40 0.993976
3748.60 0.993951
3748.80 0.993926
3749.00 0.993901
3749.20 0.993876
3749.40 0.993850
3749.60 0.993825
3749.80 0.993800
3750.00 0.993775
3750.20 0.993750
3750.40 0.993725
3750.60 0.993699
3750.80 0.993674
3751.00 0.993654
3751.20 0.993539
3751.40 0.993386
3751.60 0.993234
3751.80 0.993082
3752.00 0.992930
3752.20 0.992778
3752.40 0.992625
3752.60 0.992473
3752.80 0.992321
3753.00 0.992169
3753.20 0.992016
3753.40 0.991864
3753.60 0.991712
3753.80 0.991560
3754.00 0.991408
3754.20 0.991256
3754.40 0.991104
3754.60 0.990952
3754.80 0.990800
3755.00 0.990648
3755.20 0.990496
3755.40 0.990344
3755.60 0.990192
3755.80 0.990040
3756.00 0.989888
3756.20 0.989736
3756.40 0.989584
3756.60 0.989432
3756.80 0.989280
3757.00 0.989129
3757.20 0.988977
3757.40 0.988825
3757.60 0.988673
3757.80 0.988521
3758.00 0.988370
3758.20 0.988218
3758.40 0.988066
3758.60 0.987914
3758.80 0.987763
3759.00 0.987611
3759.20 0.987460
3759.40 0.987308
3759.60 0.987156
3759.80 0.987004
3760.00 0.986853
3760.20 0.986702
3760.40 0.986550
3760.60 0.986398
3760.80 0.986247
3761.00 0.986095
3761.20 0.985944
3761.40 0.985792
3761.60 0.985641
3761.80 0.985489
3762.00 0.985338
3762.20 0.985187
3762.40 0.985035
3762.60 0.984884
3762.80 0.984732
3763.00 0.984581
3763.20 0.984430
3763.40 0.984278
3763.60 0.984127
3763.80 0.983976
3764.00 0.983824
3764.20 0.983673
3764.40 0.983522
3764.60 0.983371
3764.80 0.983220
3765.00 0.983068
3765.20 0.982917
3765.40 0.982766
3765.60 0.982615
3765.80 0.982464
3766.00 0.982312
3766.20 0.982161
3766.40 0.982010
3766.60 0.981859
3766.80 0.981708
3767.00 0.981557
3767.20 0.981406
3767.40 0.981255
3767.60 0.981104
3767.80 0.980953
3768.00 0.980802
3768.20 0.980651
3768.40 0.980500
3768.60 0.980349
3768.80 0.980198
3769.00 0.980047
3769.20 0.979897
3769.40 0.979746
3769.60 0.979595
3769.80 0.979444
3770.00 0.979293
3770.20 0.979142
3770.40 0.978992
3770.60 0.978841
3770.80 0.978690
3771.00 0.978540
3771.20 0.978389
3771.40 0.978238
3771.60 0.978087
3771.80 0.977937
3772.00 0.977786
3772.20 0.977636
3772.40 0.977485
3772.60 0.977334
3772.80 0.977184
3773.00 0.977033
3773.20 0.976883
3773.40 0.976732
3773.60 0.976582
3773.80 0.976431
3774.00 0.976281
3774.20 0.976130
3774.40 0.975980
3774.60 0.975829
3774.80 0.975679
3775.00 0.975529
3775.20 0.975378
3775.40 0.975228
3775.60 0.975077
3775.80 0.974927
3776.00 0.974777
3776.20 0.974627
3776.40 0.974476
3776.60 0.974326
3776.80 0.974176
3777.00 0.974025
3777.20 0.973875
3777.40 0.973725
3777.60 0.973575
3777.80 0.973425
3778.00 0.973274
3778.20 0.973124
3778.40 0.972974
3778.60 0.972824
3778.80 0.972674
3779.00 0.972524
3779.20 0.972374
3779.40 0.972224
3779.60 0.972073
3779.80 0.971924
3780.00 0.971774
3780.20 0.971624
3780.40 0.971474
3780.60 0.971324
3780.80 0.971174
3781.00 0.971024
3781.20 0.970874
3781.40 0.970724
3781.60 0.970574
3781.80 0.970424
3782.00 0.970275
3782.20 0.970125
3782.40 0.969975
3782.60 0.969825
3782.80 0.969675
3783.00 0.969525
3783.20 0.969376
3783.40 0.969226
3783.60 0.969076
3783.80 0.968926
3784.00 0.968777
3784.20 0.968627
3784.40 0.968478
3784.60 0.968328
3784.80 0.968178
3785.00 0.968029
3785.20 0.967879
3785.40 0.967730
3785.60 0.967580
3785.80 0.967430
3786.00 0.967281
3786.20 0.967132
3786.40 0.966982
3786.60 0.966832
3786.80 0.966683
3787.00 0.966534
3787.20 0.966384
3787.40 0.966235
3787.60 0.966085
3787.80 0.965936
3788.00 0.965787
3788.20 0.965637
3788.40 0.965488
3788.60 0.965339
3788.80 0.965189
3789.00 0.965040
3789.20 0.964891
3789.40 0.964742
3789.60 0.964592
3789.80 0.964443
3790.00 0.964294
3790.20 0.964145
3790.40 0.963995
3790.60 0.963846
3790.80 0.963697
3791.00 0.963548
3791.20 0.963399
3791.40 0.963250
3791.60 0.963100
3791.80 0.962952
3792.00 0.962803
3792.20 0.962654
3792.40 0.962504
3792.60 0.962355
3792.80 0.962207
3793.00 0.962057
3793.20 0.961909
3793.40 0.961759
3793.60 0.961611
3793.80 0.961462
3794.00 0.961313
3794.20 0.961164
3794.40 0.961015
3794.60 0.960866
3794.80 0.960717
3795.00 0.960569
3795.20 0.960420
3795.40 0.960271
3795.60 0.960122
3795.80 0.959973
3796.00 0.959825
3796.20 0.959676
3796.40 0.959527
3796.60 0.959379
3796.80 0.959230
3797.00 0.959081
3797.20 0.958933
3797.40 0.958784
3797.60 0.958635
3797.80 0.958487
3798.00 0.958338
3798.20 0.958190
3798.40 0.958041
3798.60 0.957892
3798.80 0.957744
3799.00 0.957595
3799.20 0.957447
3799.40 0.957299
3799.60 0.957150
3799.80 0.957002
3800.00 0.956853
3800.20 0.956705
3800.40 0.956557
3800.60 0.956408
3800.80 0.956260
3801.00 0.956126
3801.20 0.955725
3801.40 0.955186
3801.60 0.954644
3801.80 0.954104
3802.00 0.953564
3802.20 0.953023
3802.40 0.952485
3802.60 0.951942
3802.80 0.951405
3803.00 0.950865
3803.20 0.950324
3803.40 0.949785
3803.60 0.949244
3803.80 0.948704
3804.00 0.948164
3804.20 0.947626
3804.40 0.947087
3804.60 0.946546
3804.80 0.946006
3805.00 0.945469
3805.20 0.944929
3805.40 0.944389
3805.60 0.943849
3805.80 0.943311
3806.00 0.942772
3806.20 0.942232
3806.40 0.941695
3806.60 0.941155
3806.80 0.940615
3807.00 0.940078
3807.20 0.939539
3807.40 0.939000
3807.60 0.938461
3807.80 0.937923
3808.00 0.937383
3808.20 0.936846
3808.40 0.936307
3808.60 0.935769
3808.80 0.935230
3809.00 0.934693
3809.20 0.934154
3809.40 0.933616
3809.60 0.933077
3809.80 0.932540
3810.00 0.932002
3810.20 0.931463
3810.40 0.930927
3810.60 0.930388
3810.80 0.929851
3811.00 0.929313
3811.20 0.928775
3811.40 0.928239
3811.60 0.927699
3811.80 0.927163
3812.00 0.926624
3812.20 0.926088
3812.40 0.925552
3812.60 0.925012
3812.80 0.924476
3813.00 0.923940
3813.20 0.923401
3813.40 0.922866
3813.60 0.922329
3813.80 0.921792
3814.00 0.921254
3814.20 0.920718
3814.40 0.920182
3814.60 0.919644
3814.80 0.919108
3815.00 0.918570
3815.20 0.918036
3815.40 0.917498
3815.60 0.916962
3815.80 0.916426
3816.00 0.915889
3816.20 0.915353
3816.40 0.914817
3816.60 0.914281
3816.80 0.913745
3817.00 0.913209
3817.20 0.912672
3817.40 0.912136
3817.60 0.911602
3817.80 0.911065
3818.00 0.910529
3818.20 0.909994
3818.40 0.909459
3818.60 0.908922
3818.80 0.908387
3819.00 0.907852
3819.20 0.907316
3819.40 0.906782
3819.60 0.906246
3819.80 0.905710
3820.00 0.905176
3820.20 0.904641
3820.40 0.904105
3820.60 0.903570
3820.80 0.903035
3821.00 0.902502
3821.20 0.901966
3821.40 0.901433
3821.60 0.900896
3821.80 0.900363
3822.00 0.899827
3822.20 0.899293
3822.40 0.898758
3822.60 0.898223
3822.80 0.897689
3823.00 0.897156
3823.20 0.896620
3823.40 0.896088
3823.60 0.895552
3823.80 0.895019
3824.00 0.894483
3824.20 0.893951
3824.40 0.893417
3824.60 0.892882
3824.80 0.892349
3825.00 0.891816
3825.20 0.891281
3825.40 0.890748
3825.60 0.890213
3825.80 0.889680
3826.00 0.889148
3826.20 0.888614
3826.40 0.888080
3826.60 0.887547
3826.80 0.887015
3827.00 0.886480
3827.20 0.885947
3827.40 0.885414
3827.60 0.884881
3827.80 0.884349
3828.00 0.883815
3828.20 0.883282
3828.40 0.882750
3828.60 0.882217
3828.80 0.881685
3829.00 0.881153
3829.20 0.880619
3829.40 0.880087
3829.60 0.879553
3829.80 0.879021
3830.00 0.878490
3830.20 0.877958
3830.40 0.877426
3830.60 0.876893
3830.80 0.876361
3831.00 0.875829
3831.20 0.875297
3831.40 0.874766
3831.60 0.874233
3831.80 0.873702
3832.00 0.873170
3832.20 0.872638
3832.40 0.872106
3832.60 0.871574
3832.80 0.871043
3833.00 0.870511
3833.20 0.869980
3833.40 0.869449
3833.60 0.868916
3833.80 0.868385
3834.00 0.867853
3834.20 0.867322
3834.40 0.866793
3834.60 0.866261
3834.80 0.865729
3835.00 0.865199
3835.20 0.864668
3835.40 0.864137
3835.60 0.863607
3835.80 0.863075
3836.00 0.862545
3836.20 0.862014
3836.40 0.861483
3836.60 0.860953
3836.80 0.860422
3837.00 0.859891
3837.20 0.859362
3837.40 0.858832
3837.60 0.858301
3837.80 0.857771
3838.00 0.857241
3838.20 0.856711
3838.40 0.856181
3838.60 0.855651
3838.80 0.855120
3839.00 0.854592
3839.20 0.854061
3839.40 0.853530
3839.60 0.853002
3839.80 0.852472
3840.00 0.851942
3840.20 0.851413
3840.40 0.850882
3840.60 0.850354
3840.80 0.849824
3841.00 0.849296
3841.20 0.848766
3841.40 0.848237
3841.60 0.847706
3841.80 0.847179
3842.00 0.846649
3842.20 0.846121
3842.40 0.845591
3842.60 0.845062
3842.80 0.844535
3843.00 0.844005
3843.20 0.843478
3843.40 0.842947
3843.60 0.842419
3843.80 0.841890
3844.00 0.841362
3844.20 0.840834
3844.40 0.840305
3844.60 0.839776
3844.80 0.839249
3845.00 0.838720
3845.20 0.838192
3845.40 0.837664
3845.60 0.837137
3845.80 0.836609
3846.00 0.836080
3846.20 0.835553
3846.40 0.835025
3846.60 0.834496
3846.80 0.833969
3847.00 0.833442
3847.20 0.832915
3847.40 0.832387
3847.60 0.831859
3847.80 0.831331
3848.00 0.830804
3848.20 0.830277
3848.40 0.829750
3848.60 0.829221
3848.80 0.828694
3849.00 0.828169
3849.20 0.827641
3849.40 0.827114
3849.60 0.826588
3849.80 0.826060
3850.00 0.825533
3850.20 0.825007
3850.40 0.824480
3850.60 0.823952
3850.80 0.823426
3851.00 0.822901
3851.20 0.822214
3851.40 0.821372
3851.60 0.820533
3851.80 0.819698
3852.00 0.818862
3852.20 0.818026
3852.40 0.817192
3852.60 0.816354
3852.80 0.815521
3853.00 0.814683
3853.20 0.813851
3853.40 0.813013
3853.60 0.812180
3853.80 0.811342
3854.00 0.810510
3854.20 0.809673
3854.40 0.808841
3854.60 0.808002
3854.80 0.807170
3855.00 0.806336
3855.20 0.805501
3855.40 0.804669
3855.60 0.803831
3855.80 0.802998
3856.00 0.802165
3856.20 0.801329
3856.40 0.800497
3856.60 0.799663
3856.80 0.798828
3857.00 0.797995
3857.20 0.797164
3857.40 0.796329
3857.60 0.795495
3857.80 0.794663
3858.00 0.793831
3858.20 0.792994
3858.40 0.792162
3858.60 0.791330
3858.80 0.790499
3859.00 0.789663
3859.20 0.788830
3859.40 0.787999
3859.60 0.787167
3859.80 0.786335
3860.00 0.785503
3860.20 0.784668
3860.40 0.783837
3860.60 0.783005
3860.80 0.782173
3861.00 0.781341
3861.20 0.780511
3861.40 0.779680
3861.60 0.778847
3861.80 0.778012
3862.00 0.777185
3862.20 0.776353
3862.40 0.775519
3862.60 0.774687
3862.80 0.773857
3863.00 0.773026
3863.20 0.772195
3863.40 0.771364
3863.60 0.770532
3863.80 0.769702
3864.00 0.768872
3864.20 0.768041
3864.40 0.767212
3864.60 0.766382
3864.80 0.765552
3865.00 0.764722
3865.20 0.763892
3865.40 0.763061
3865.60 0.762230
3865.80 0.761400
3866.00 0.760572
3866.20 0.759744
3866.40 0.758914
3866.60 0.758083
3866.80 0.757253
3867.00 0.756425
3867.20 0.755597
3867.40 0.754768
3867.60 0.753936
3867.80 0.753107
3868.00 0.752281
3868.20 0.751452
3868.40 0.750621
3868.60 0.749793
3868.80 0.748965
3869.00 0.748136
3869.20 0.747306
3869.40 0.746481
3869.60 0.745650
3869.80 0.744822
3870.00 0.743996
3870.20 0.743167
3870.40 0.742338
3870.60 0.741512
3870.80 0.740683
3871.00 0.739857
3871.20 0.739029
3871.40 0.738200
3871.60 0.737374
3871.80 0.736546
3872.00 0.735720
3872.20 0.734893
3872.40 0.734067
3872.60 0.733236
3872.80 0.732413
3873.00 0.731583
3873.20 0.730759
3873.40 0.729931
3873.60 0.729106
3873.80 0.728278
3874.00 0.727452
3874.20 0.726627
3874.40 0.725799
3874.60 0.724974
3874.80 0.724148
3875.00 0.723322
3875.20 0.722497
3875.40 0.721671
3875.60 0.720845
3875.80 0.720020
3876.00 0.719193
3876.20 0.718369
3876.40 0.717542
3876.60 0.716717
3876.80 0.715892
3877.00 0.715069
3877.20 0.714244
3877.40 0.713417
3877.60 0.712593
3877.80 0.711769
3878.00 0.710943
3878.20 0.710118
3878.40 0.709295
3878.60 0.708471
3878.80 0.707647
3879.00 0.706821
3879.20 0.705997
3879.40 0.705174
3879.60 0.704349
3879.80 0.703526
3880.00 0.702703
3880.20 0.701880
3880.40 0.701056
3880.60 0.700230
3880.80 0.699406
3881.00 0.698587
3881.20 0.697761
3881.40 0.696939
3881.60 0.696115
3881.80 0.695291
3882.00 0.694469
3882.20 0.693647
3882.40 0.692823
3882.60 0.692001
3882.80 0.691178
3883.00 0.690356
3883.20 0.689535
3883.40 0.688710
3883.60 0.687888
3883.80 0.687066
3884.00 0.686243
3884.20 0.685422
3884.40 0.684603
3884.60 0.683778
3884.80 0.682958
3885.00 0.682135
3885.20 0.681315
3885.40 0.680492
3885.60 0.679672
3885.80 0.678848
3886.00 0.678028
3886.20 0.677209
3886.40 0.676386
3886.60 0.675566
3886.80 0.674743
3887.00 0.673924
3887.20 0.673104
3887.40 0.672282
3887.60 0.671462
3887.80 0.670643
3888.00 0.669820
3888.20 0.669002
3888.40 0.668179
3888.60 0.667359
3888.80 0.666540
3889.00 0.665722
3889.20 0.664899
3889.40 0.664080
3889.60 0.663260
3889.80 0.662443
3890.00 0.661620
3890.20 0.660802
3890.40 0.659983
3890.60 0.659164
3890.80 0.658345
3891.00 0.657527
3891.20 0.656705
3891.40 0.655887
3891.60 0.655068
3891.80 0.654250
3892.00 0.653432
3892.20 0.652614
3892.40 0.651793
3892.60 0.650974
3892.80 0.650158
3893.00 0.649341
3893.20 0.648519
3893.40 0.647702
3893.60 0.646884
3893.80 0.646065
3894.00 0.645248
3894.20 0.644430
3894.40 0.643613
3894.60 0.642795
3894.80 0.641977
3895.00 0.641160
3895.20 0.640342
3895.40 0.639525
3895.60 0.638707
3895.80 0.637894
3896.00 0.637076
3896.20 0.636260
3896.40 0.635443
3896.60 0.634624
3896.80 0.633808
3897.00 0.632990
3897.20 0.632174
3897.40 0.631357
3897.60 0.630543
3897.80 0.629726
3898.00 0.628910
3898.20 0.628093
3898.40 0.627276
3898.60 0.626459
3898.80 0.625646
3899.00 0.624829
3899.20 0.624013
3899.40 0.623198
3899.60 0.622383
3899.80 0.621567
3900.00 0.620750
3900.20 0.619938
3900.40 0.619122
3900.60 0.618305
3900.80 0.617493
3901.00 0.616677
3901.20 0.615795
3901.40 0.614824
3901.60 0.613853
3901.80 0.612887
3902.00 0.611920
3902.20 0.610952
3902.40 0.609984
3902.60 0.609017
3902.80 0.608051
3903.00 0.607085
3903.20 0.606116
3903.40 0.605153
3903.60 0.604182
3903.80 0.603220
3904.00 0.602251
3904.20 0.601286
3904.40 0.600319
3904.60 0.599354
3904.80 0.598386
3905.00 0.597423
3905.20 0.596454
3905.40 0.595492
3905.60 0.594526
3905.80 0.593558
3906.00 0.592596
3906.20 0.591630
3906.40 0.590664
3906.60 0.589700
3906.80 0.588732
3907.00 0.587770
3907.20 0.586806
3907.40 0.585840
3907.60 0.584876
3907.80 0.583913
3908.00 0.582945
3908.20 0.581983
3908.40 0.581018
3908.60 0.580052
3908.80 0.579090
3909.00 0.578127
3909.20 0.577164
3909.40 0.576199
3909.60 0.575235
3909.80 0.574271
3910.00 0.573311
3910.20 0.572347
3910.40 0.571382
3910.60 0.570418
3910.80 0.569456
3911.00 0.568494
3911.20 0.567532
3911.40 0.566571
3911.60 0.565608
3911.80 0.564644
3912.00 0.563681
3912.20 0.562718
3912.40 0.561759
3912.60 0.560794
3912.80 0.559835
3913.00 0.558871
3913.20 0.557909
3913.40 0.556949
3913.60 0.555985
3913.80 0.555025
3914.00 0.554064
3914.20 0.553102
3914.40 0.552144
3914.60 0.551179
3914.80 0.550221
3915.00 0.549258
3915.20 0.548300
3915.40 0.547337
3915.60 0.546379
3915.80 0.545415
3916.00 0.544457
3916.20 0.543495
3916.40 0.542536
3916.60 0.541575
3916.80 0.540616
3917.00 0.539655
3917.20 0.538697
3917.40 0.537734
3917.60 0.536775
3917.80 0.535817
3918.00 0.534856
3918.20 0.533899
3918.40 0.532938
3918.60 0.531979
3918.80 0.531022
3919.00 0.530060
3919.20 0.529103
3919.40 0.528145
3919.60 0.527188
3919.80 0.526226
3920.00 0.525269
3920.20 0.524313
3920.40 0.523351
3920.60 0.522393
3920.80 0.521437
3921.00 0.520480
3921.20 0.519521
3921.40 0.518563
3921.60 0.517604
3921.80 0.516648
3922.00 0.515692
3922.20 0.514734
3922.40 0.513775
3922.60 0.512818
3922.80 0.511861
3923.00 0.510905
3923.20 0.509949
3923.40 0.508993
3923.60 0.508032
3923.80 0.507076
3924.00 0.506120
3924.20 0.505164
3924.40 0.504209
3924.60 0.503251
3924.80 0.502296
3925.00 0.501339
3925.20 0.500385
3925.40 0.499429
3925.60 0.498473
3925.80 0.497518
3926.00 0.496562
3926.20 0.495606
3926.40 0.494651
3926.60 0.493695
3926.80 0.492740
3927.00 0.491785
3927.20 0.490831
3927.40 0.489879
3927.60 0.488923
3927.80 0.487968
3928.00 0.487013
3928.20 0.486059
3928.40 0.485104
3928.60 0.484148
3928.80 0.483195
3929.00 0.482244
3929.20 0.481289
3929.40 0.480334
3929.60 0.479379
3929.80 0.478424
3930.00 0.477475
3930.20 0.476520
3930.40 0.475566
3930.60 0.474611
3930.80 0.473660
3931.00 0.472707
3931.20 0.471753
3931.40 0.470799
3931.60 0.469848
3931.80 0.468895
3932.00 0.467943
3932.20 0.466992
3932.40 0.466039
3932.60 0.465085
3932.80 0.464135
3933.00 0.463181
3933.20 0.462228
3933.40 0.461279
3933.60 0.460324
3933.80 0.459375
3934.00 0.458422
3934.20 0.457472
3934.40 0.456519
3934.60 0.455570
3934.80 0.454616
3935.00 0.453665
3935.20 0.452715
3935.40 0.451764
3935.60 0.450813
3935.80 0.449864
3936.00 0.448911
3936.20 0.447963
3936.40 0.447011
3936.60 0.446062
3936.80 0.445108
3937.00 0.444161
3937.20 0.443212
3937.40 0.442261
3937.60 0.441311
3937.80 0.440359
3938.00 0.439411
3938.20 0.438462
3938.40 0.437513
3938.60 0.436562
3938.80 0.435613
3939.00 0.434663
3939.20 0.433715
3939.40 0.432766
3939.60 0.431815
3939.80 0.430868
3940.00 0.429922
3940.20 0.428972
3940.40 0.428022
3940.60 0.427073
3940.80 0.426127
3941.00 0.425180
3941.20 0.424230
3941.40 0.423281
3941.60 0.422333
3941.80 0.421387
3942.00 0.420440
3942.20 0.419490
3942.40 0.418542
3942.60 0.417594
3942.80 0.416649
3943.00 0.415701
3943.20 0.414752
3943.40 0.413809
3943.60 0.412859
3943.80 0.411910
3944.00 0.410967
3944.20 0.410019
3944.40 0.409071
3944.60 0.408127
3944.80 0.407177
3945.00 0.406232
3945.20 0.405287
3945.40 0.404340
3945.60 0.403395
3945.80 0.402451
3946.00 0.401504
3946.20 0.400557
3946.40 0.399611
3946.60 0.398665
3946.80 0.397722
3947.00 0.396775
3947.20 0.395828
3947.40 0.394885
3947.60 0.393941
3947.80 0.392994
3948.00 0.392052
3948.20 0.391104
3948.40 0.390161
3948.60 0.389217
3948.80 0.388270
3949.00 0.387329
3949.20 0.386382
3949.40 0.385440
3949.60 0.384496
3949.80 0.383550
3950.00 0.382608
3950.20 0.381662
3950.40 0.380719
3950.60 0.379776
3950.80 0.378834
3951.00 0.377884
3951.20 0.377046
3951.40 0.376364
3951.60 0.375679
3951.80 0.374989
3952.00 0.374304
3952.20 0.373619
3952.40 0.372933
3952.60 0.372243
3952.80 0.371558
3953.00 0.370873
3953.20 0.370188
3953.40 0.369500
3953.60 0.368814
3953.80 0.368128
3954.00 0.367443
3954.20 0.366757
3954.40 0.366072
3954.60 0.365386
3954.80 0.364701
3955.00 0.364013
3955.20 0.363330
3955.40 0.362642
3955.60 0.361957
3955.80 0.361272
3956.00 0.360587
3956.20 0.359903
3956.40 0.359218
3956.60 0.358533
3956.80 0.357848
3957.00 0.357163
3957.20 0.356479
3957.40 0.355794
3957.60 0.355109
3957.80 0.354424
3958.00 0.353740
3958.20 0.353055
3958.40 0.352371
3958.60 0.351687
3958.80 0.351004
3959.00 0.350320
3959.20 0.349636
3959.40 0.348952
3959.60 0.348266
3959.80 0.347583
3960.00 0.346898
3960.20 0.346217
3960.40 0.345534
3960.60 0.344849
3960.80 0.344165
3961.00 0.343481
3961.20 0.342801
3961.40 0.342116
3961.60 0.341432
3961.80 0.340749
3962.00 0.340064
3962.20 0.339384
3962.40 0.338700
3962.60 0.338015
3962.80 0.337336
3963.00 0.336651
3963.20 0.335968
3963.40 0.335288
3963.60 0.334603
3963.80 0.333921
3964.00 0.333240
3964.20 0.332556
3964.40 0.331876
3964.60 0.331193
3964.80 0.330510
3965.00 0.329829
3965.20 0.329146
3965.40 0.328466
3965.60 0.327783
3965.80 0.327099
3966.00 0.326420
3966.20 0.325737
3966.40 0.325057
3966.60 0.324373
3966.80 0.323693
3967.00 0.323012
3967.20 0.322331
3967.40 0.321648
3967.60 0.320968
3967.80 0.320285
3968.00 0.319606
3968.20 0.318926
3968.40 0.318244
3968.60 0.317564
3968.80 0.316883
3969.00 0.316201
3969.20 0.315522
3969.40 0.314841
3969.60 0.314160
3969.80 0.313479
3970.00 0.312799
3970.20 0.312119
3970.40 0.311439
3970.60 0.310758
3970.80 0.310079
3971.00 0.309400
3971.20 0.308720
3971.40 0.308040
3971.60 0.307359
3971.80 0.306678
3972.00 0.305999
3972.20 0.305321
3972.40 0.304641
3972.60 0.303961
3972.80 0.303281
3973.00 0.302602
3973.20 0.301924
3973.40 0.301245
3973.60 0.300566
3973.80 0.299887
3974.00 0.299209
3974.20 0.298528
3974.40 0.297849
3974.60 0.297171
3974.80 0.296491
3975.00 0.295814
3975.20 0.295136
3975.40 0.294458
3975.60 0.293779
3975.80 0.293099
3976.00 0.292423
3976.20 0.291745
3976.40 0.291064
3976.60 0.290389
3976.80 0.289708
3977.00 0.289033
3977.20 0.288353
3977.40 0.287678
3977.60 0.286998
3977.80 0.286319
3978.00 0.285643
3978.20 0.284964
3978.40 0.284288
3978.60 0.283609
3978.80 0.282933
3979.00 0.282255
3979.20 0.281579
3979.40 0.280903
3979.60 0.280223
3979.80 0.279548
3980.00 0.278869
3980.20 0.278194
3980.40 0.277519
3980.60 0.276839
3980.80 0.276164
3981.00 0.275486
3981.20 0.274811
3981.40 0.274136
3981.60 0.273456
3981.80 0.272782
3982.00 0.272106
3982.20 0.271431
3982.40 0.270753
3982.60 0.270077
3982.80 0.269402
3983.00 0.268724
3983.20 0.268049
3983.40 0.267374
3983.60 0.266699
3983.80 0.266024
3984.00 0.265346
3984.20 0.264671
3984.40 0.263997
3984.60 0.263322
3984.80 0.262643
3985.00 0.261969
3985.20 0.261294
3985.40 0.260620
3985.60 0.259945
3985.80 0.259270
3986.00 0.258596
3986.20 0.257922
3986.40 0.257247
3986.60 0.256571
3986.80 0.255894
3987.00 0.255222
3987.20 0.254546
3987.40 0.253872
3987.60 0.253197
3987.80 0.252523
3988.00 0.251849
3988.20 0.251176
3988.40 0.250501
3988.60 0.249826
3988.80 0.249153
3989.00 0.248479
3989.20 0.247805
3989.40 0.247131
3989.60 0.246460
3989.80 0.245786
3990.00 0.245113
3990.20 0.244439
3990.40 0.243766
3990.60 0.243091
3990.80 0.242417
3991.00 0.241744
3991.20 0.241072
3991.40 0.240400
3991.60 0.239727
3991.80 0.239053
3992.00 0.238380
3992.20 0.237708
3992.40 0.237034
3992.60 0.236363
3992.80 0.235689
3993.00 0.235016
3993.20 0.234347
3993.40 0.233673
3993.60 0.233000
3993.80 0.232326
3994.00 0.231657
3994.20 0.230984
3994.40 0.230311
3994.60 0.229640
3994.80 0.228968
3995.00 0.228295
3995.20 0.227625
3995.40 0.226953
3995.60 0.226279
3995.80 0.225610
3996.00 0.224937
3996.20 0.224267
3996.40 0.223595
3996.60 0.222924
3996.80 0.222253
3997.00 0.221580
3997.20 0.220911
3997.40 0.220238
3997.60 0.219570
3997.80 0.218896
3998.00 0.218228
3998.20 0.217555
3998.40 0.216886
3998.60 0.216213
3998.80 0.215545
3999.00 0.214872
3999.20 0.214204
3999.40 0.213534
3999.60 0.212862
3999.80 0.212193
4000.00 0.211522
4000.20 0.210853
4000.40 0.210181
4000.60 0.209511
4000.80 0.208841
4001.00 0.208168
4001.20 0.207604
4001.40 0.207229
4001.60 0.206852
4001.80 0.206478
4002.00 0.206103
4002.20 0.205727
4002.40 0.205352
4002.60 0.204976
4002.80 0.204601
4003.00 0.204226
4003.20 0.203852
4003.40 0.203477
4003.60 0.203101
4003.80 0.202726
4004.00 0.202351
4004.20 0.201977
4004.40 0.201601
4004.60 0.201227
4004.80 0.200851
4005.00 0.200478
4005.20 0.200102
4005.40 0.199728
4005.60 0.199354
4005.80 0.198978
4006.00 0.198604
4006.20 0.198230
4006.40 0.197855
4006.60 0.197480
4006.80 0.197107
4007.00 0.196732
4007.20 0.196357
4007.40 0.195983
4007.60 0.195609
4007.80 0.195235
4008.00 0.194860
4008.20 0.194486
4008.40 0.194112
4008.60 0.193738
4008.80 0.193364
4009.00 0.192990
4009.20 0.192617
4009.40 0.192242
4009.60 0.191869
4009.80 0.191494
4010.00 0.191121
4010.20 0.190748
4010.40 0.190373
4010.60 0.190000
4010.80 0.189625
4011.00 0.189252
4011.20 0.188878
4011.40 0.188505
4011.60 0.188132
4011.80 0.187759
4012.00 0.187385
4012.20 0.187011
4012.40 0.186638
4012.60 0.186265
4012.80 0.185891
4013.00 0.185518
4013.20 0.185145
4013.40 0.184772
4013.60 0.184398
4013.80 0.184025
4014.00 0.183653
4014.20 0.183280
4014.40 0.182906
4014.60 0.182533
4014.80 0.182161
4015.00 0.181788
4015.20 0.181416
4015.40 0.181041
4015.60 0.180669
4015.80 0.180297
4016.00 0.179925
4016.20 0.179551
4016.40 0.179178
4016.60 0.178805
4016.80 0.178433
4017.00 0.178061
4017.20 0.177689
4017.40 0.177316
4017.60 0.176944
4017.80 0.176572
4018.00 0.176199
4018.20 0.175827
4018.40 0.175455
4018.60 0.175082
4018.80 0.174709
4019.00 0.174337
4019.20 0.173965
4019.40 0.173593
4019.60 0.173221
4019.80 0.172849
4020.00 0.172477
4020.20 0.172105
4020.40 0.171734
4020.60 0.171363
4020.80 0.170990
4021.00 0.170619
4021.20 0.170247
4021.40 0.169875
4021.60 0.169503
4021.80 0.169131
4022.00 0.168761
4022.20 0.168388
4022.40 0.168018
4022.60 0.167646
4022.80 0.167274
4023.00 0.166903
4023.20 0.166531
4023.40 0.166159
4023.60 0.165790
4023.80 0.165418
4024.00 0.165046
4024.20 0.164675
4024.40 0.164304
4024.60 0.163933
4024.80 0.163561
4025.00 0.163192
4025.20 0.162820
4025.40 0.162449
4025.60 0.162078
4025.80 0.161707
4026.00 0.161336
4026.20 0.160965
4026.40 0.160596
4026.60 0.160224
4026.80 0.159853
4027.00 0.159483
4027.20 0.159112
4027.40 0.158742
4027.60 0.158371
4027.80 0.158000
4028.00 0.157630
4028.20 0.157259
4028.40 0.156889
4028.60 0.156518
4028.80 0.156148
4029.00 0.155778
4029.20 0.155408
4029.40 0.155037
4029.60 0.154667
4029.80 0.154297
4030.00 0.153927
4030.20 0.153557
4030.40 0.153186
4030.60 0.152816
4030.80 0.152448
4031.00 0.152076
4031.20 0.151707
4031.40 0.151338
4031.60 0.150967
4031.80 0.150598
4032.00 0.150228
4032.20 0.149858
4032.40 0.149488
4032.60 0.149118
4032.80 0.148749
4033.00 0.148380
4033.20 0.148010
4033.40 0.147641
4033.60 0.147271
4033.80 0.146902
4034.00 0.146532
4034.20 0.146164
4034.40 0.145793
4034.60 0.145425
4034.80 0.145055
4035.00 0.144686
4035.20 0.144318
4035.40 0.143948
4035.60 0.143578
4035.80 0.143209
4036.00 0.142841
4036.20 0.142472
4036.40 0.142103
4036.60 0.141733
4036.80 0.141365
4037.00 0.140996
4037.20 0.140627
4037.40 0.140259
4037.60 0.139890
4037.80 0.139522
4038.00 0.139153
4038.20 0.138785
4038.40 0.138416
4038.60 0.138047
4038.80 0.137678
4039.00 0.137310
4039.20 0.136941
4039.40 0.136574
4039.60 0.136204
4039.80 0.135837
4040.00 0.135467
4040.20 0.135101
4040.40 0.134731
4040.60 0.134364
4040.80 0.133995
4041.00 0.133628
4041.20 0.133259
4041.40 0.132892
4041.60 0.132522
4041.80 0.132156
4042.00 0.131787
4042.20 0.131420
4042.40 0.131051
4042.60 0.130683
4042.80 0.130317
4043.00 0.129948
4043.20 0.129581
4043.40 0.129214
4043.60 0.128846
4043.80 0.128477
4044.00 0.128111
4044.20 0.127742
4044.40 0.127376
4044.60 0.127008
4044.80 0.126640
4045.00 0.126273
4045.20 0.125906
4045.40 0.125539
4045.60 0.125170
4045.80 0.124803
4046.00 0.124437
4046.20 0.124070
4046.40 0.123702
4046.60 0.123336
4046.80 0.122968
4047.00 0.122601
4047.20 0.122235
4047.40 0.121868
4047.60 0.121500
4047.80 0.121133
4048.00 0.120767
4048.20 0.120400
4048.40 0.120034
4048.60 0.119667
4048.80 0.119300
4049.00 0.118934
4049.20 0.118567
4049.40 0.118201
4049.60 0.117834
4049.80 0.117468
4050.00 0.117100
4050.20 0.116735
4050.40 0.116367
4050.60 0.116001
4050.80 0.115636
4051.00 0.115268
4051.20 0.114935
4051.40 0.114678
4051.60 0.114421
4051.80 0.114166
4052.00 0.113911
4052.20 0.113654
4052.40 0.113399
4052.60 0.113143
4052.80 0.112887
4053.00 0.112632
4053.20 0.112376
4053.40 0.112121
4053.60 0.111865
4053.80 0.111609
4054.00 0.111354
4054.20 0.111098
4054.40 0.110843
4054.60 0.110587
4054.80 0.110332
4055.00 0.110077
4055.20 0.109821
4055.40 0.109566
4055.60 0.109310
4055.80 0.109056
4056.00 0.108800
4056.20 0.108545
4056.40 0.108290
4056.60 0.108035
4056.80 0.107779
4057.00 0.107524
4057.20 0.107269
4057.40 0.107015
4057.60 0.106759
4057.80 0.106504
4058.00 0.106248
4058.20 0.105994
4058.40 0.105739
4058.60 0.105484
4058.80 0.105229
4059.00 0.104974
4059.20 0.104720
4059.40 0.104465
4059.60 0.104210
4059.80 0.103955
4060.00 0.103699
4060.20 0.103446
4060.40 0.103190
4060.60 0.102936
4060.80 0.102682
4061.00 0.102427
4061.20 0.102172
4061.40 0.101918
4061.60 0.101663
4061.80 0.101408
4062.00 0.101153
4062.20 0.100900
4062.40 0.100646
4062.60 0.100390
4062.80 0.100136
4063.00 0.099882
4063.20 0.099627
4063.40 0.099373
4063.60 0.099118
4063.80 0.098864
4064.00 0.098611
4064.20 0.098356
4064.40 0.098102
4064.60 0.097848
4064.80 0.097594
4065.00 0.097339
4065.20 0.097086
4065.40 0.096831
4065.60 0.096576
4065.80 0.096323
4066.00 0.096069
4066.20 0.095815
4066.40 0.095561
4066.60 0.095307
4066.80 0.095053
4067.00 0.094799
4067.20 0.094546
4067.40 0.094291
4067.60 0.094037
4067.80 0.093784
4068.00 0.093530
4068.20 0.093276
4068.40 0.093023
4068.60 0.092769
4068.80 0.092515
4069.00 0.092261
4069.20 0.092008
4069.40 0.091755
4069.60 0.091501
4069.80 0.091248
4070.00 0.090994
4070.20 0.090741
4070.40 0.090487
4070.60 0.090234
4070.80 0.089980
4071.00 0.089727
4071.20 0.089473
4071.40 0.089221
4071.60 0.088967
4071.80 0.088714
4072.00 0.088460
4072.20 0.088207
4072.40 0.087954
4072.60 0.087700
4072.80 0.087447
4073.00 0.087195
4073.20 0.086941
4073.40 0.086689
4073.60 0.086435
4073.80 0.086182
4074.00 0.085929
4074.20 0.085676
4074.40 0.085423
4074.60 0.085171
4074.80 0.084917
4075.00 0.084665
4075.20 0.084412
4075.40 0.084159
4075.60 0.083906
4075.80 0.083653
4076.00 0.083400
4076.20 0.083147
4076.40 0.082895
4076.60 0.082642
4076.80 0.082389
4077.00 0.082137
4077.20 0.081884
4077.40 0.081632
4077.60 0.081380
4077.80 0.081126
4078.00 0.080874
4078.20 0.080621
4078.40 0.080369
4078.60 0.080116
4078.80 0.079865
4079.00 0.079611
4079.20 0.079359
4079.40 0.079107
4079.60 0.078855
4079.80 0.078603
4080.00 0.078350
4080.20 0.078097
4080.40 0.077846
4080.60 0.077593
4080.80 0.077341
4081.00 0.077089
4081.20 0.076837
4081.40 0.076585
4081.60 0.076332
4081.80 0.076081
4082.00 0.075829
4082.20 0.075576
4082.40 0.075325
4082.60 0.075072
4082.80 0.074820
4083.00 0.074570
4083.20 0.074317
4083.40 0.074065
4083.60 0.073813
4083.80 0.073562
4084.00 0.073310
4084.20 0.073058
4084.40 0.072807
4084.60 0.072554
4084.80 0.072303
4085.00 0.072052
4085.20 0.071800
4085.40 0.071548
4085.60 0.071297
4085.80 0.071045
4086.00 0.070793
4086.20 0.070542
4086.40 0.070291
4086.60 0.070039
4086.80 0.069787
4087.00 0.069537
4087.20 0.069285
4087.40 0.069034
4087.60 0.068782
4087.80 0.068531
4088.00 0.068280
4088.20 0.068028
4088.40 0.067777
4088.60 0.067526
4088.80 0.067275
4089.00 0.067024
4089.20 0.066772
4089.40 0.066521
4089.60 0.066271
4089.80 0.066019
4090.00 0.065769
4090.20 0.065517
4090.40 0.065266
4090.60 0.065015
4090.80 0.064764
4091.00 0.064513
4091.20 0.064262
4091.40 0.064012
4091.60 0.063761
4091.80 0.063510
4092.00 0.063259
4092.20 0.063008
4092.40 0.062758
4092.60 0.062507
4092.80 0.062256
4093.00 0.062006
4093.20 0.061755
4093.40 0.061504
4093.60 0.061253
4093.80 0.061004
4094.00 0.060752
4094.20 0.060502
4094.40 0.060252
4094.60 0.060000
4094.80 0.059751
4095.00 0.059500
4095.20 0.059250
4095.40 0.059000
4095.60 0.058749
4095.80 0.058499
4096.00 0.058249
4096.20 0.057997
4096.40 0.057748
4096.60 0.057498
4096.80 0.057248
4097.00 0.056997
4097.20 0.056748
4097.40 0.056497
4097.60 0.056247
4097.80 0.055997
4098.00 0.055746
4098.20 0.055497
4098.40 0.055247
4098.60 0.054997
4098.80 0.054747
4099.00 0.054497
4099.20 0.054246
4099.40 0.053997
4099.60 0.053747
4099.80 0.053497
4100.00 0.053248
4100.20 0.052998
4100.40 0.052749
4100.60 0.052498
4100.80 0.052249
4101.00 0.051999
4101.20 0.051759
4101.40 0.051571
4101.60 0.051379
4101.80 0.051188
4102.00 0.050996
4102.20 0.050804
4102.40 0.050613
4102.60 0.050422
4102.80 0.050231
4103.00 0.050039
4103.20 0.049847
4103.40 0.049656
4103.60 0.049465
4103.80 0.049274
4104.00 0.049083
4104.20 0.048891
4104.40 0.048700
4104.60 0.048509
4104.80 0.048318
4105.00 0.048127
4105.20 0.047935
4105.40 0.047744
4105.60 0.047553
4105.80 0.047362
4106.00 0.047171
4106.20 0.046979
4106.40 0.046789
4106.60 0.046598
4106.80 0.046407
4107.00 0.046216
4107.20 0.046025
4107.40 0.045834
4107.60 0.045643
4107.80 0.045453
4108.00 0.045261
4108.20 0.045070
4108.40 0.044879
4108.60 0.044689
4108.80 0.044498
4109.00 0.044308
4109.20 0.044116
4109.40 0.043926
4109.60 0.043735
4109.80 0.043544
4110.00 0.043353
4110.20 0.043163
4110.40 0.042972
4110.60 0.042781
4110.80 0.042591
4111.00 0.042400
4111.20 0.042209
4111.40 0.042019
4111.60 0.041828
4111.80 0.041638
4112.00 0.041448
4112.20 0.041257
4112.40 0.041067
4112.60 0.040876
4112.80 0.040686
4113.00 0.040495
4113.20 0.040305
4113.40 0.040114
4113.60 0.039924
4113.80 0.039734
4114.00 0.039543
4114.20 0.039353
4114.40 0.039163
4114.60 0.038972
4114.80 0.038782
4115.00 0.038592
4115.20 0.038402
4115.40 0.038212
4115.60 0.038021
4115.80 0.037832
4116.00 0.037641
4116.20 0.037451
4116.40 0.037261
4116.60 0.037071
4116.80 0.036881
4117.00 0.036691
4117.20 0.036501
4117.40 0.036310
4117.60 0.036120
4117.80 0.035931
4118.00 0.035741
4118.20 0.035551
4118.40 0.035361
4118.60 0.035171
4118.80 0.034981
4119.00 0.034791
4119.20 0.034601
4119.40 0.034412
4119.60 0.034222
4119.80 0.034032
4120.00 0.033842
4120.20 0.033652
4120.40 0.033462
4120.60 0.033273
4120.80 0.033083
4121.00 0.032894
4121.20 0.032703
4121.40 0.032514
4121.60 0.032324
4121.80 0.032135
4122.00 0.031945
4122.20 0.031756
4122.40 0.031566
4122.60 0.031377
4122.80 0.031187
4123.00 0.030998
4123.20 0.030808
4123.40 0.030619
4123.60 0.030429
4123.80 0.030241
4124.00 0.030050
4124.20 0.029861
4124.40 0.029672
4124.60 0.029482
4124.80 0.029294
4125.00 0.029104
4125.20 0.028914
4125.40 0.028725
4125.60 0.028536
4125.80 0.028347
4126.00 0.028157
4126.20 0.027969
4126.40 0.027779
4126.60 0.027590
4126.80 0.027401
4127.00 0.027212
4127.20 0.027022
4127.40 0.026834
4127.60 0.026644
4127.80 0.026455
4128.00 0.026266
4128.20 0.026078
4128.40 0.025888
4128.60 0.025699
4128.80 0.025511
4129.00 0.025321
4129.20 0.025132
4129.40 0.024944
4129.60 0.024754
4129.80 0.024566
4130.00 0.024377
4130.20 0.024188
4130.40 0.023999
4130.60 0.023810
4130.80 0.023622
4131.00 0.023433
4131.20 0.023244
4131.40 0.023056
4131.60 0.022867
4131.80 0.022678
4132.00 0.022489
4132.20 0.022301
4132.40 0.022112
4132.60 0.021923
4132.80 0.021735
4133.00 0.021546
4133.20 0.021358
4133.40 0.021169
4133.60 0.020981
4133.80 0.020792
4134.00 0.020604
4134.20 0.020415
4134.40 0.020227
4134.60 0.020038
4134.80 0.019850
4135.00 0.019661
4135.20 0.019473
4135.40 0.019285
4135.60 0.019096
4135.80 0.018909
4136.00 0.018719
4136.20 0.018532
4136.40 0.018343
4136.60 0.018155
4136.80 0.017967
4137.00 0.017778
4137.20 0.017590
4137.40 0.017403
4137.60 0.017214
4137.80 0.017026
4138.00 0.016838
4138.20 0.016650
4138.40 0.016462
4138.60 0.016274
4138.80 0.016086
4139.00 0.015897
4139.20 0.015709
4139.40 0.015522
4139.60 0.015333
4139.80 0.015145
4140.00 0.014957
4140.20 0.014770
4140.40 0.014582
4140.60 0.014394
4140.80 0.014206
4141.00 0.014018
4141.20 0.013830
4141.40 0.013643
4141.60 0.013454
4141.80 0.013267
4142.00 0.013079
4142.20 0.012892
4142.40 0.012703
4142.60 0.012516
4142.80 0.012329
4143.00 0.012141
4143.20 0.011953
4143.40 0.011765
4143.60 0.011578
4143.80 0.011390
4144.00 0.011203
4144.20 0.011015
4144.40 0.010827
4144.60 0.010640
4144.80 0.010452
4145.00 0.010265
4145.20 0.010077
4145.40 0.009890
4145.60 0.009702
4145.80 0.009515
4146.00 0.009328
4146.20 0.009140
4146.40 0.008953
4146.60 0.008765
4146.80 0.008579
4147.00 0.008391
4147.20 0.008204
4147.40 0.008016
4147.60 0.007829
4147.80 0.007642
4148.00 0.007455
4148.20 0.007267
4148.40 0.007081
4148.60 0.006893
4148.80 0.006706
4149.00 0.006519
4149.20 0.006331
4149.40 0.006145
4149.60 0.005957
4149.80 0.005770
4150.00 0.005584
4150.20 0.005397
4150.40 0.005209
4150.60 0.005023
4150.80 0.004835
4151.00 0.004648
4151.20 0.004490
4151.40 0.004470
4151.60 0.004450
4151.80 0.004432
4152.00 0.004414
4152.20 0.004396
4152.40 0.004378
4152.60 0.004360
4152.80 0.004341
4153.00 0.004323
4153.20 0.004305
4153.40 0.004287
4153.60 0.004269
4153.80 0.004251
4154.00 0.004232
4154.20 0.004214
4154.40 0.004196
4154.60 0.004178
4154.80 0.004160
4155.00 0.004142
4155.20 0.004124
4155.40 0.004106
4155.60 0.004087
4155.80 0.004069
4156.00 0.004051
4156.20 0.004033
4156.40 0.004015
4156.60 0.003997
4156.80 0.003979
4157.00 0.003960
4157.20 0.003942
4157.40 0.003924
4157.60 0.003906
4157.80 0.003888
4158.00 0.003870
4158.20 0.003852
4158.40 0.003834
4158.60 0.003816
4158.80 0.003798
4159.00 0.003779
4159.20 0.003761
4159.40 0.003743
4159.60 0.003725
4159.80 0.003707
4160.00 0.003689
4160.20 0.003671
4160.40 0.003653
4160.60 0.003635
4160.80 0.003617
4161.00 0.003598
4161.20 0.003580
4161.40 0.003562
4161.60 0.003544
4161.80 0.003526
4162.00 0.003508
4162.20 0.003490
4162.40 0.003472
4162.60 0.003454
4162.80 0.003436
4163.00 0.003418
4163.20 0.003400
4163.40 0.003382
4163.60 0.003364
4163.80 0.003345
4164.00 0.003327
4164.20 0.003309
4164.40 0.003291
4164.60 0.003273
4164.80 0.003255
4165.00 0.003237
4165.20 0.003219
4165.40 0.003201
4165.60 0.003183
4165.80 0.003165
4166.00 0.003147
4166.20 0.003129
4166.40 0.003111
4166.60 0.003093
4166.80 0.003075
4167.00 0.003057
4167.20 0.003039
4167.40 0.003021
4167.60 0.003003
4167.80 0.002985
4168.00 0.002967
4168.20 0.002949
4168.40 0.002931
4168.60 0.002913
4168.80 0.002895
4169.00 0.002877
4169.20 0.002859
4169.40 0.002841
4169.60 0.002822
4169.80 0.002804
4170.00 0.002787
4170.20 0.002768
4170.40 0.002750
4170.60 0.002732
4170.80 0.002715
4171.00 0.002697
4171.20 0.002678
4171.40 0.002661
4171.60 0.002643
4171.80 0.002625
4172.00 0.002607
4172.20 0.002588
4172.40 0.002571
4172.60 0.002553
4172.80 0.002535
4173.00 0.002517
4173.20 0.002499
4173.40 0.002481
4173.60 0.002463
4173.80 0.002445
4174.00 0.002427
4174.20 0.002409
4174.40 0.002391
4174.60 0.002373
4174.80 0.002355
4175.00 0.002337
4175.20 0.002319
4175.40 0.002301
4175.60 0.002283
4175.80 0.002265
4176.00 0.002247
4176.20 0.002229
4176.40 0.002211
4176.60 0.002193
4176.80 0.002175
4177.00 0.002157
4177.20 0.002139
4177.40 0.002121
4177.60 0.002104
4177.80 0.002086
4178.00 0.002068
4178.20 0.002050
4178.40 0.002032
4178.60 0.002014
4178.80 0.001996
4179.00 0.001978
4179.20 0.001960
4179.40 0.001942
4179.60 0.001924
4179.80 0.001906
4180.00 0.001888
4180.20 0.001870
4180.40 0.001853
4180.60 0.001835
4180.80 0.001817
4181.00 0.001799
4181.20 0.001781
4181.40 0.001763
4181.60 0.001745
4181.80 0.001727
4182.00 0.001709
4182.20 0.001691
4182.40 0.001674
4182.60 0.001656
4182.80 0.001638
4183.00 0.001620
4183.20 0.001602
4183.40 0.001584
4183.60 0.001566
4183.80 0.001548
4184.00 0.001530
4184.20 0.001512
4184.40 0.001495
4184.60 0.001477
4184.80 0.001459
4185.00 0.001441
4185.20 0.001423
4185.40 0.001405
4185.60 0.001387
4185.80 0.001369
4186.00 0.001352
4186.20 0.001334
4186.40 0.001316
4186.60 0.001298
4186.80 0.001280
4187.00 0.001262
4187.20 0.001244
4187.40 0.001227
4187.60 0.001209
4187.80 0.001191
4188.00 0.001173
4188.20 0.001155
4188.40 0.001137
4188.60 0.001119
4188.80 0.001102
4189.00 0.001084
4189.20 0.001066
4189.40 0.001048
4189.60 0.001030
4189.80 0.001012
4190.00 0.000995
4190.20 0.000977
4190.40 0.000959
4190.60 0.000941
4190.80 0.000923
4191.00 0.000905
4191.20 0.000888
4191.40 0.000870
4191.60 0.000852
4191.80 0.000834
4192.00 0.000816
4192.20 0.000798
4192.40 0.000781
4192.60 0.000763
4192.80 0.000745
4193.00 0.000727
4193.20 0.000709
4193.40 0.000692
4193.60 0.000674
4193.80 0.000656
4194.00 0.000638
4194.20 0.000620
4194.40 0.000603
4194.60 0.000585
4194.80 0.000567
4195.00 0.000549
4195.20 0.000531
4195.40 0.000514
4195.60 0.000496
4195.80 0.000478
4196.00 0.000460
4196.20 0.000443
4196.40 0.000425
4196.60 0.000407
4196.80 0.000389
4197.00 0.000371
4197.20 0.000354
4197.40 0.000336
4197.60 0.000318
4197.80 0.000300
4198.00 0.000283
4198.20 0.000265
4198.40 0.000247
4198.60 0.000229
4198.80 0.000212
4199.00 0.000194
4199.20 0.000176
4199.40 0.000158
4199.60 0.000140
4199.80 0.000123
4200.00 0.000105
