3000.0 0.000000
3001.0 0.000000
3002.0 0.000000
3003.0 0.000000
3004.0 0.000000
3005.0 0.000000
3006.0 0.000000
3007.0 0.000000
3008.0 0.000000
3009.0 0.000000
3010.0 0.000000
3011.0 0.000000
3012.0 0.000000
3013.0 0.000000
3014.0 0.000000
3015.0 0.000000
3016.0 0.000000
3017.0 0.000000
3018.0 0.000000
3019.0 0.000000
3020.0 0.000000
3021.0 0.000000
3022.0 0.000000
3023.0 0.000000
3024.0 0.000000
3025.0 0.000000
3026.0 0.000000
3027.0 0.000000
3028.0 0.000000
3029.0 0.000000
3030.0 0.000000
3031.0 0.000000
3032.0 0.000000
3033.0 0.000000
3034.0 0.000000
3035.0 0.000000
3036.0 0.000000
3037.0 0.000000
3038.0 0.000000
3039.0 0.000000
3040.0 0.000000
3041.0 0.000000
3042.0 0.000000
3043.0 0.000000
3044.0 0.000000
3045.0 0.000000
3046.0 0.000000
3047.0 0.000000
3048.0 0.000000
3049.0 0.000000
3050.0 0.000000
3051.0 0.000000
3052.0 0.000000
3053.0 0.000000
3054.0 0.000000
3055.0 0.000000
3056.0 0.000000
3057.0 0.000000
3058.0 0.000000
3059.0 0.000000
3060.0 0.000000
3061.0 0.000000
3062.0 0.000000
3063.0 0.000000
3064.0 0.000000
3065.0 0.000000
3066.0 0.000000
3067.0 0.000000
3068.0 0.000000
3069.0 0.000000
3070.0 0.000000
3071.0 0.000000
3072.0 0.000000
3073.0 0.000000
3074.0 0.000000
3075.0 0.000000
3076.0 0.000000
3077.0 0.000000
3078.0 0.000000
3079.0 0.000000
3080.0 0.000000
3081.0 0.000000
3082.0 0.000000
3083.0 0.000000
3084.0 0.000000
3085.0 0.000000
3086.0 0.000000
3087.0 0.000000
3088.0 0.000000
3089.0 0.000000
3090.0 0.000000
3091.0 0.000000
3092.0 0.000000
3093.0 0.000000
3094.0 0.000000
3095.0 0.000000
3096.0 0.000000
3097.0 0.000000
3098.0 0.000000
3099.0 0.000000
3100.0 0.000000
3101.0 0.000000
3102.0 0.000000
3103.0 0.000000
3104.0 0.000000
3105.0 0.000000
3106.0 0.000000
3107.0 0.000000
3108.0 0.000000
3109.0 0.000000
3110.0 0.000000
3111.0 0.000000
3112.0 0.000000
3113.0 0.000000
3114.0 0.000000
3115.0 0.000000
3116.0 0.000000
3117.0 0.000000
3118.0 0.000000
3119.0 0.000000
3120.0 0.000000
3121.0 0.000000
3122.0 0.000000
3123.0 0.000000
3124.0 0.000000
3125.0 0.000000
3126.0 0.000000
3127.0 0.000000
3128.0 0.000000
3129.0 0.000000
3130.0 0.000000
3131.0 0.000000
3132.0 0.000000
3133.0 0.000000
3134.0 0.000000
3135.0 0.000000
3136.0 0.000000
3137.0 0.000000
3138.0 0.000000
3139.0 0.000000
3140.0 0.000000
3141.0 0.000000
3142.0 0.000000
3143.0 0.000000
3144.0 0.000000
3145.0 0.000000
3146.0 0.000000
3147.0 0.000000
3148.0 0.000000
3149.0 0.000000
3150.0 0.000000
3151.0 0.000012
3152.0 0.000024
3153.0 0.000036
3154.0 0.000048
3155.0 0.000060
3156.0 0.000072
3157.0 0.000084
3158.0 0.000096
3159.0 0.000108
3160.0 0.000120
3161.0 0.000132
3162.0 0.000144
3163.0 0.000156
3164.0 0.000168
3165.0 0.000180
3166.0 0.000192
3167.0 0.000204
3168.0 0.000216
3169.0 0.000228
3170.0 0.000240
3171.0 0.000252
3172.0 0.000264
3173.0 0.000276
3174.0 0.000288
3175.0 0.000300
3176.0 0.000312
3177.0 0.000324
3178.0 0.000336
3179.0 0.000348
3180.0 0.000360
3181.0 0.000372
3182.0 0.000384
3183.0 0.000396
3184.0 0.000408
3185.0 0.000420
3186.0 0.000432
3187.0 0.000444
3188.0 0.000456
3189.0 0.000468
3190.0 0.000480
3191.0 0.000612
3192.0 0.000863
3193.0 0.001233
3194.0 0.001724
3195.0 0.002334
3196.0 0.003063
3197.0 0.003912
3198.0 0.004880
3199.0 0.005969
3200.0 0.007176
3201.0 0.008504
3202.0 0.009950
3203.0 0.011517
3204.0 0.013203
3205.0 0.015008
3206.0 0.016933
3207.0 0.018978
3208.0 0.021142
3209.0 0.023426
3210.0 0.025829
3211.0 0.028352
3212.0 0.030995
3213.0 0.033757
3214.0 0.036638
3215.0 0.039640
3216.0 0.042760
3217.0 0.046001
3218.0 0.049361
3219.0 0.052840
3220.0 0.056439
3221.0 0.060158
3222.0 0.063996
3223.0 0.067954
3224.0 0.072031
3225.0 0.076228
3226.0 0.080544
3227.0 0.084980
3228.0 0.089536
3229.0 0.094211
3230.0 0.099006
3231.0 0.103920
3232.0 0.108954
3233.0 0.114107
3234.0 0.119380
3235.0 0.124773
3236.0 0.130285
3237.0 0.135917
3238.0 0.141668
3239.0 0.147539
3240.0 0.153529
3241.0 0.159639
3242.0 0.165869
3243.0 0.172218
3244.0 0.178686
3245.0 0.185275
3246.0 0.191983
3247.0 0.198810
3248.0 0.205757
3249.0 0.212823
3250.0 0.220009
3251.0 0.227315
3252.0 0.234740
3253.0 0.242285
3254.0 0.249949
3255.0 0.257733
3256.0 0.265637
3257.0 0.273660
3258.0 0.281803
3259.0 0.290065
3260.0 0.298446
3261.0 0.306948
3262.0 0.315449
3263.0 0.323950
3264.0 0.332452
3265.0 0.340953
3266.0 0.349403
3267.0 0.357802
3268.0 0.366149
3269.0 0.374445
3270.0 0.382689
3271.0 0.390882
3272.0 0.399024
3273.0 0.407115
3274.0 0.415154
3275.0 0.423141
3276.0 0.431078
3277.0 0.438963
3278.0 0.446796
3279.0 0.454579
3280.0 0.462309
3281.0 0.469989
3282.0 0.477617
3283.0 0.485194
3284.0 0.492719
3285.0 0.500193
3286.0 0.507616
3287.0 0.514987
3288.0 0.522307
3289.0 0.529576
3290.0 0.536793
3291.0 0.543959
3292.0 0.551074
3293.0 0.558137
3294.0 0.565149
3295.0 0.572109
3296.0 0.579018
3297.0 0.585876
3298.0 0.592682
3299.0 0.599437
3300.0 0.606141
3301.0 0.612793
3302.0 0.619394
3303.0 0.625944
3304.0 0.632442
3305.0 0.638888
3306.0 0.645284
3307.0 0.651628
3308.0 0.657921
3309.0 0.664162
3310.0 0.670352
3311.0 0.676491
3312.0 0.682578
3313.0 0.688614
3314.0 0.694598
3315.0 0.700532
3316.0 0.706413
3317.0 0.712244
3318.0 0.718023
3319.0 0.723751
3320.0 0.729427
3321.0 0.735052
3322.0 0.740626
3323.0 0.746148
3324.0 0.751619
3325.0 0.757038
3326.0 0.762406
3327.0 0.767723
3328.0 0.772989
3329.0 0.778203
3330.0 0.783366
3331.0 0.788477
3332.0 0.793537
3333.0 0.798546
3334.0 0.803503
3335.0 0.808409
3336.0 0.813263
3337.0 0.818118
3338.0 0.822972
3339.0 0.827827
3340.0 0.832681
3341.0 0.837467
3342.0 0.842182
3343.0 0.846829
3344.0 0.851406
3345.0 0.855913
3346.0 0.860351
3347.0 0.864720
3348.0 0.869019
3349.0 0.873249
3350.0 0.877409
3351.0 0.881500
3352.0 0.885521
3353.0 0.889474
3354.0 0.893356
3355.0 0.897170
3356.0 0.900913
3357.0 0.904588
3358.0 0.908193
3359.0 0.911728
3360.0 0.915195
3361.0 0.918591
3362.0 0.921919
3363.0 0.925177
3364.0 0.928365
3365.0 0.931484
3366.0 0.934534
3367.0 0.937514
3368.0 0.940425
3369.0 0.943266
3370.0 0.946038
3371.0 0.948741
3372.0 0.951374
3373.0 0.953938
3374.0 0.956432
3375.0 0.958857
3376.0 0.961213
3377.0 0.963499
3378.0 0.965715
3379.0 0.967863
3380.0 0.969940
3381.0 0.971949
3382.0 0.973888
3383.0 0.975757
3384.0 0.977557
3385.0 0.979288
3386.0 0.980949
3387.0 0.982541
3388.0 0.984064
3389.0 0.985517
3390.0 0.986901
3391.0 0.988215
3392.0 0.989460
3393.0 0.990635
3394.0 0.991741
3395.0 0.992777
3396.0 0.993744
3397.0 0.994642
3398.0 0.995470
3399.0 0.996229
3400.0 0.996919
3401.0 0.997539
3402.0 0.998089
3403.0 0.998571
3404.0 0.998982
3405.0 0.999325
3406.0 0.999598
3407.0 0.999801
3408.0 0.999935
3409.0 1.000000
3410.0 0.999995
3411.0 0.999921
3412.0 0.999847
3413.0 0.999773
3414.0 0.999699
3415.0 0.999624
3416.0 0.999537
3417.0 0.999435
3418.0 0.999320
3419.0 0.999191
3420.0 0.999048
3421.0 0.998892
3422.0 0.998722
3423.0 0.998538
3424.0 0.998341
3425.0 0.998130
3426.0 0.997905
3427.0 0.997667
3428.0 0.997415
3429.0 0.997149
3430.0 0.996869
3431.0 0.996576
3432.0 0.996269
3433.0 0.995949
3434.0 0.995615
3435.0 0.995267
3436.0 0.994905
3437.0 0.994530
3438.0 0.994141
3439.0 0.993738
3440.0 0.993322
3441.0 0.992892
3442.0 0.992448
3443.0 0.991990
3444.0 0.991519
3445.0 0.991035
3446.0 0.990536
3447.0 0.990024
3448.0 0.989498
3449.0 0.988958
3450.0 0.988405
3451.0 0.987838
3452.0 0.987257
3453.0 0.986663
3454.0 0.986055
3455.0 0.985433
3456.0 0.984798
3457.0 0.984149
3458.0 0.983486
3459.0 0.982810
3460.0 0.982120
3461.0 0.981416
3462.0 0.980698
3463.0 0.979967
3464.0 0.979222
3465.0 0.978463
3466.0 0.977691
3467.0 0.976905
3468.0 0.976106
3469.0 0.975292
3470.0 0.974465
3471.0 0.973624
3472.0 0.972770
3473.0 0.971902
3474.0 0.971020
3475.0 0.970125
3476.0 0.969215
3477.0 0.968293
3478.0 0.967356
3479.0 0.966406
3480.0 0.965442
3481.0 0.964464
3482.0 0.963473
3483.0 0.962468
3484.0 0.961449
3485.0 0.960417
3486.0 0.959371
3487.0 0.958325
3488.0 0.957279
3489.0 0.956233
3490.0 0.955187
3491.0 0.954106
3492.0 0.952990
3493.0 0.951840
3494.0 0.950655
3495.0 0.949436
3496.0 0.948181
3497.0 0.946892
3498.0 0.945568
3499.0 0.944210
3500.0 0.942817
3501.0 0.941389
3502.0 0.939926
3503.0 0.938428
3504.0 0.936896
3505.0 0.935329
3506.0 0.933728
3507.0 0.932092
3508.0 0.930421
3509.0 0.928715
3510.0 0.926974
3511.0 0.925199
3512.0 0.923389
3513.0 0.921545
3514.0 0.919665
3515.0 0.917751
3516.0 0.915803
3517.0 0.913819
3518.0 0.911801
3519.0 0.909748
3520.0 0.907660
3521.0 0.905538
3522.0 0.903381
3523.0 0.901189
3524.0 0.898962
3525.0 0.896701
3526.0 0.894405
3527.0 0.892075
3528.0 0.889709
3529.0 0.887309
3530.0 0.884874
3531.0 0.882405
3532.0 0.879900
3533.0 0.877361
3534.0 0.874788
3535.0 0.872179
3536.0 0.869536
3537.0 0.866858
3538.0 0.864145
3539.0 0.861398
3540.0 0.858616
3541.0 0.855799
3542.0 0.852948
3543.0 0.850062
3544.0 0.847141
3545.0 0.844185
3546.0 0.841195
3547.0 0.838170
3548.0 0.835110
3549.0 0.832015
3550.0 0.828886
3551.0 0.825722
3552.0 0.822523
3553.0 0.819290
3554.0 0.816022
3555.0 0.812719
3556.0 0.809381
3557.0 0.806009
3558.0 0.802602
3559.0 0.799160
3560.0 0.795684
3561.0 0.792173
3562.0 0.788662
3563.0 0.785150
3564.0 0.781639
3565.0 0.778128
3566.0 0.774581
3567.0 0.770999
3568.0 0.767380
3569.0 0.763727
3570.0 0.760037
3571.0 0.756312
3572.0 0.752551
3573.0 0.748754
3574.0 0.744922
3575.0 0.741053
3576.0 0.737150
3577.0 0.733210
3578.0 0.729235
3579.0 0.725224
3580.0 0.721178
3581.0 0.717095
3582.0 0.712978
3583.0 0.708824
3584.0 0.704635
3585.0 0.700410
3586.0 0.696149
3587.0 0.691852
3588.0 0.687520
3589.0 0.683153
3590.0 0.678749
3591.0 0.674310
3592.0 0.669835
3593.0 0.665325
3594.0 0.660778
3595.0 0.656196
3596.0 0.651579
3597.0 0.646926
3598.0 0.642237
3599.0 0.637512
3600.0 0.632751
3601.0 0.627955
3602.0 0.623124
3603.0 0.618256
3604.0 0.613353
3605.0 0.608414
3606.0 0.603440
3607.0 0.598429
3608.0 0.593384
3609.0 0.588302
3610.0 0.583185
3611.0 0.578032
3612.0 0.572843
3613.0 0.567619
3614.0 0.562358
3615.0 0.557063
3616.0 0.551731
3617.0 0.546364
3618.0 0.540961
3619.0 0.535523
3620.0 0.530049
3621.0 0.524539
3622.0 0.518993
3623.0 0.513412
3624.0 0.507795
3625.0 0.502142
3626.0 0.496454
3627.0 0.490730
3628.0 0.484970
3629.0 0.479174
3630.0 0.473343
3631.0 0.467476
3632.0 0.461574
3633.0 0.455636
3634.0 0.449662
3635.0 0.443652
3636.0 0.437607
3637.0 0.431562
3638.0 0.425516
3639.0 0.419471
3640.0 0.413426
3641.0 0.407439
3642.0 0.401509
3643.0 0.395638
3644.0 0.389825
3645.0 0.384070
3646.0 0.378373
3647.0 0.372735
3648.0 0.367154
3649.0 0.361631
3650.0 0.356167
3651.0 0.350760
3652.0 0.345412
3653.0 0.340121
3654.0 0.334889
3655.0 0.329715
3656.0 0.324599
3657.0 0.319541
3658.0 0.314541
3659.0 0.309599
3660.0 0.304715
3661.0 0.299889
3662.0 0.295121
3663.0 0.290411
3664.0 0.285760
3665.0 0.281166
3666.0 0.276631
3667.0 0.272153
3668.0 0.267734
3669.0 0.263373
3670.0 0.259070
3671.0 0.254825
3672.0 0.250638
3673.0 0.246509
3674.0 0.242438
3675.0 0.238425
3676.0 0.234470
3677.0 0.230573
3678.0 0.226735
3679.0 0.222954
3680.0 0.219232
3681.0 0.215567
3682.0 0.211961
3683.0 0.208413
3684.0 0.204923
3685.0 0.201491
3686.0 0.198116
3687.0 0.194800
3688.0 0.191543
3689.0 0.188343
3690.0 0.185201
3691.0 0.182117
3692.0 0.179092
3693.0 0.176124
3694.0 0.173215
3695.0 0.170363
3696.0 0.167570
3697.0 0.164835
3698.0 0.162157
3699.0 0.159538
3700.0 0.156977
3701.0 0.154474
3702.0 0.152029
3703.0 0.149642
3704.0 0.147314
3705.0 0.145043
3706.0 0.142830
3707.0 0.140676
3708.0 0.138579
3709.0 0.136541
3710.0 0.134560
3711.0 0.132638
3712.0 0.130716
3713.0 0.128793
3714.0 0.126871
3715.0 0.124949
3716.0 0.123043
3717.0 0.121153
3718.0 0.119280
3719.0 0.117422
3720.0 0.115581
3721.0 0.113756
3722.0 0.111948
3723.0 0.110155
3724.0 0.108379
3725.0 0.106619
3726.0 0.104876
3727.0 0.103149
3728.0 0.101437
3729.0 0.099743
3730.0 0.098064
3731.0 0.096402
3732.0 0.094755
3733.0 0.093126
3734.0 0.091512
3735.0 0.089914
3736.0 0.088333
3737.0 0.086768
3738.0 0.085220
3739.0 0.083687
3740.0 0.082171
3741.0 0.080671
3742.0 0.079188
3743.0 0.077720
3744.0 0.076269
3745.0 0.074834
3746.0 0.073415
3747.0 0.072013
3748.0 0.070627
3749.0 0.069257
3750.0 0.067903
3751.0 0.066565
3752.0 0.065244
3753.0 0.063939
3754.0 0.062650
3755.0 0.061378
3756.0 0.060122
3757.0 0.058882
3758.0 0.057658
3759.0 0.056450
3760.0 0.055259
3761.0 0.054084
3762.0 0.052925
3763.0 0.051783
3764.0 0.050656
3765.0 0.049546
3766.0 0.048453
3767.0 0.047375
3768.0 0.046314
3769.0 0.045269
3770.0 0.044240
3771.0 0.043227
3772.0 0.042231
3773.0 0.041251
3774.0 0.040287
3775.0 0.039339
3776.0 0.038408
3777.0 0.037493
3778.0 0.036594
3779.0 0.035711
3780.0 0.034845
3781.0 0.033995
3782.0 0.033161
3783.0 0.032343
3784.0 0.031542
3785.0 0.030757
3786.0 0.029988
3787.0 0.029219
3788.0 0.028450
3789.0 0.027681
3790.0 0.026912
3791.0 0.026143
3792.0 0.025374
3793.0 0.024605
3794.0 0.023836
3795.0 0.023067
3796.0 0.022299
3797.0 0.021530
3798.0 0.020761
3799.0 0.019992
3800.0 0.019223
3801.0 0.018454
3802.0 0.017685
3803.0 0.016916
3804.0 0.016147
3805.0 0.015378
3806.0 0.014609
3807.0 0.013840
3808.0 0.013072
3809.0 0.012303
3810.0 0.011534
3811.0 0.010765
3812.0 0.009996
3813.0 0.009227
3814.0 0.008458
3815.0 0.007689
3816.0 0.006920
3817.0 0.006151
3818.0 0.005382
3819.0 0.004613
3820.0 0.003845
3821.0 0.003076
3822.0 0.002307
3823.0 0.001538
3824.0 0.000769
3825.0 0.000000
3826.0 0.000000
3827.0 0.000000
3828.0 0.000000
3829.0 0.000000
3830.0 0.000000
3831.0 0.000000
3832.0 0.000000
3833.0 0.000000
3834.0 0.000000
3835.0 0.000000
3836.0 0.000000
3837.0 0.000000
3838.0 0.000000
3839.0 0.000000
3840.0 0.000000
3841.0 0.000000
3842.0 0.000000
3843.0 0.000000
3844.0 0.000000
3845.0 0.000000
3846.0 0.000000
3847.0 0.000000
3848.0 0.000000
3849.0 0.000000
3850.0 0.000000
3851.0 0.000000
3852.0 0.000000
3853.0 0.000000
3854.0 0.000000
3855.0 0.000000
3856.0 0.000000
3857.0 0.000000
3858.0 0.000000
3859.0 0.000000
3860.0 0.000000
3861.0 0.000000
3862.0 0.000000
3863.0 0.000000
3864.0 0.000000
3865.0 0.000000
3866.0 0.000000
3867.0 0.000000
3868.0 0.000000
3869.0 0.000000
3870.0 0.000000
3871.0 0.000000
3872.0 0.000000
3873.0 0.000000
3874.0 0.000000
3875.0 0.000000
3876.0 0.000000
3877.0 0.000000
3878.0 0.000000
3879.0 0.000000
3880.0 0.000000
3881.0 0.000000
3882.0 0.000000
3883.0 0.000000
3884.0 0.000000
3885.0 0.000000
3886.0 0.000000
3887.0 0.000000
3888.0 0.000000
3889.0 0.000000
3890.0 0.000000
3891.0 0.000000
3892.0 0.000000
3893.0 0.000000
3894.0 0.000000
3895.0 0.000000
3896.0 0.000000
3897.0 0.000000
3898.0 0.000000
3899.0 0.000000
3900.0 0.000000
3901.0 0.000000
3902.0 0.000000
3903.0 0.000000
3904.0 0.000000
3905.0 0.000000
3906.0 0.000000
3907.0 0.000000
3908.0 0.000000
3909.0 0.000000
3910.0 0.000000
3911.0 0.000000
3912.0 0.000000
3913.0 0.000000
3914.0 0.000000
3915.0 0.000000
3916.0 0.000000
3917.0 0.000000
3918.0 0.000000
3919.0 0.000000
3920.0 0.000000
3921.0 0.000000
3922.0 0.000000
3923.0 0.000000
3924.0 0.000000
3925.0 0.000000
3926.0 0.000000
3927.0 0.000000
3928.0 0.000000
3929.0 0.000000
3930.0 0.000000
3931.0 0.000000
3932.0 0.000000
3933.0 0.000000
3934.0 0.000000
3935.0 0.000000
3936.0 0.000000
3937.0 0.000000
3938.0 0.000000
3939.0 0.000000
3940.0 0.000000
3941.0 0.000000
3942.0 0.000000
3943.0 0.000000
3944.0 0.000000
3945.0 0.000000
3946.0 0.000000
3947.0 0.000000
3948.0 0.000000
3949.0 0.000000
3950.0 0.000000
3951.0 0.000000
3952.0 0.000000
3953.0 0.000000
3954.0 0.000000
3955.0 0.000000
3956.0 0.000000
3957.0 0.000000
3958.0 0.000000
3959.0 0.000000
3960.0 0.000000
3961.0 0.000000
3962.0 0.000000
3963.0 0.000000
3964.0 0.000000
3965.0 0.000000
3966.0 0.000000
3967.0 0.000000
3968.0 0.000000
3969.0 0.000000
3970.0 0.000000
3971.0 0.000000
3972.0 0.000000
3973.0 0.000000
3974.0 0.000000
3975.0 0.000000
3976.0 0.000000
3977.0 0.000000
3978.0 0.000000
3979.0 0.000000
3980.0 0.000000
3981.0 0.000000
3982.0 0.000000
3983.0 0.000000
3984.0 0.000000
3985.0 0.000000
3986.0 0.000000
3987.0 0.000000
3988.0 0.000000
3989.0 0.000000
3990.0 0.000000
3991.0 0.000000
3992.0 0.000000
3993.0 0.000000
3994.0 0.000000
3995.0 0.000000
3996.0 0.000000
3997.0 0.000000
3998.0 0.000000
3999.0 0.000000
4000.0 0.000000
